1773993602796 800.0 800
1773993699234 1600.0 1600
1773993793960 2400.0 2400
1773993891158 3200.0 3200
1773993983586 4000.0 4000
1773994077429 4800.0 4800
1773994174442 5600.0 5600
1773994268346 6400.0 6400
1773994362285 7200.0 7200
1773994454604 8000.0 8000
1773994542871 8800.0 8800
1773994630737 9600.0 9600
1773994717257 10400.0 10400
1773994803949 11200.0 11200
1773994891765 12000.0 12000
1773994978456 12800.0 12800
1773995064361 13600.0 13600
1773995154597 14400.0 14400
1773995244759 15200.0 15200
1773995331409 16000.0 16000
1773995418136 16800.0 16800
1773995503468 17600.0 17600
1773995590489 18400.0 18400
1773995676145 19200.0 19200
1773995761554 20000.0 20000
1773995847002 20800.0 20800
1773995934380 21600.0 21600
1773996021549 22400.0 22400
1773996111954 23200.0 23200
1773996197497 24000.0 24000
1773996283296 24800.0 24800
1773996370904 25600.0 25600
1773996458083 26400.0 26400
1773996545665 27200.0 27200
1773996633155 28000.0 28000
1773996721424 28800.0 28800
1773996806996 29600.0 29600
1773996894620 30400.0 30400
1773996982993 31200.0 31200
1773997070479 32000.0 32000
1773997156404 32800.0 32800
1773997243879 33600.0 33600
1773997331672 34400.0 34400
1773997420299 35200.0 35200
1773997507945 36000.0 36000
1773997595723 36800.0 36800
1773997682156 37600.0 37600
1773997773245 38400.0 38400
1773997863835 39200.0 39200
1773997951626 40000.0 40000
1773998039429 40800.0 40800
1773998130822 41600.0 41600
1773998217083 42400.0 42400
1773998305010 43200.0 43200
1773998393731 44000.0 44000
1773998480061 44800.0 44800
1773998568133 45600.0 45600
1773998657036 46400.0 46400
1773998744816 47200.0 47200
1773998840613 48000.0 48000
1773998939313 48800.0 48800
1773999040628 49600.0 49600
1773999134538 50400.0 50400
1773999228134 51200.0 51200
1773999323419 52000.0 52000
1773999418757 52800.0 52800
1773999514153 53600.0 53600
1773999608072 54400.0 54400
1773999703556 55200.0 55200
1773999799379 56000.0 56000
1773999894862 56800.0 56800
1773999991597 57600.0 57600
1774000087595 58400.0 58400
1774000181551 59200.0 59200
1774000275834 60000.0 60000
1774000371812 60800.0 60800
1774000471056 61600.0 61600
1774000567107 62400.0 62400
1774000661287 63200.0 63200
1774000760398 64000.0 64000
1774000856618 64800.0 64800
1774000953638 65600.0 65600
1774001047876 66400.0 66400
1774001147241 67200.0 67200
1774001241937 68000.0 68000
1774001337927 68800.0 68800
1774001434847 69600.0 69600
1774001531222 70400.0 70400
1774001627366 71200.0 71200
1774001721873 72000.0 72000
1774001818044 72800.0 72800
1774001914303 73600.0 73600
1774002009156 74400.0 74400
1774002108919 75200.0 75200
1774002205437 76000.0 76000
1774002302988 76800.0 76800
1774002397689 77600.0 77600
1774002495276 78400.0 78400
1774002591705 79200.0 79200
1774002689280 80000.0 80000
1774002789191 80800.0 80800
1774002883956 81600.0 81600
1774002978282 82400.0 82400
1774003067190 83200.0 83200
1774003154475 84000.0 84000
1774003243605 84800.0 84800
1774003335839 85600.0 85600
1774003423414 86400.0 86400
1774003512436 87200.0 87200
1774003599921 88000.0 88000
1774003690233 88800.0 88800
1774003779697 89600.0 89600
1774003872410 90400.0 90400
1774003961783 91200.0 91200
1774004051143 92000.0 92000
1774004140403 92800.0 92800
1774004229903 93600.0 93600
1774004319498 94400.0 94400
1774004408576 95200.0 95200
1774004497862 96000.0 96000
1774004588116 96800.0 96800
1774004678271 97600.0 97600
1774004768933 98400.0 98400
1774004858451 99200.0 99200
1774004948793 100000.0 100000
1774005038539 100800.0 100800
1774005128351 101600.0 101600
1774005216229 102400.0 102400
1774005306248 103200.0 103200
1774005394318 104000.0 104000
1774005483879 104800.0 104800
1774005573872 105600.0 105600
1774005662054 106400.0 106400
1774005751490 107200.0 107200
1774005839606 108000.0 108000
1774005932552 108800.0 108800
1774006022379 109600.0 109600
1774006112246 110400.0 110400
1774006200498 111200.0 111200
1774006288812 112000.0 112000
1774006377173 112800.0 112800
1774006468061 113600.0 113600
1774006558173 114400.0 114400
1774006648041 115200.0 115200
1774006736450 116000.0 116000
1774006826429 116800.0 116800
1774006916598 117600.0 117600
1774007005183 118400.0 118400
1774007093759 119200.0 119200
1774007183262 120000.0 120000
1774007274459 120800.0 120800
1774007365105 121600.0 121600
1774007460243 122400.0 122400
1774007561246 123200.0 123200
1774007659300 124000.0 124000
1774007755589 124800.0 124800
1774007853340 125600.0 125600
1774007951269 126400.0 126400
1774008047795 127200.0 127200
1774008143781 128000.0 128000
1774008242454 128800.0 128800
1774008340644 129600.0 129600
1774008437134 130400.0 130400
1774008535329 131200.0 131200
1774008638548 132000.0 132000
1774008735090 132800.0 132800
1774008834661 133600.0 133600
1774008933145 134400.0 134400
1774009030591 135200.0 135200
1774009127567 136000.0 136000
1774009225172 136800.0 136800
1774009322286 137600.0 137600
1774009420940 138400.0 138400
1774009518273 139200.0 139200
1774009615475 140000.0 140000
1774009715390 140800.0 140800
1774009815410 141600.0 141600
1774009913294 142400.0 142400
1774010010715 143200.0 143200
1774010109989 144000.0 144000
1774010212541 144800.0 144800
1774010309901 145600.0 145600
1774010407260 146400.0 146400
1774010509369 147200.0 147200
1774010611300 148000.0 148000
1774010713311 148800.0 148800
1774010818976 149600.0 149600
1774010925866 150400.0 150400
