1773993487128 1e-05 0
1773993489882 1e-05 50
1773993492447 1e-05 100
1773993495327 1e-05 150
1773993497747 1e-05 200
1773993499857 1e-05 250
1773993502079 1e-05 300
1773993504240 1e-05 350
1773993506244 1e-05 400
1773993508304 1e-05 450
1773993510328 1e-05 500
1773993512277 1e-05 550
1773993514055 1e-05 600
1773993515723 1e-05 650
1773993517598 1e-05 700
1773993519462 1e-05 750
1773993603086 1e-05 800
1773993605684 1e-05 850
1773993607516 1e-05 900
1773993609280 1e-05 950
1773993611121 1e-05 1000
1773993612864 1e-05 1050
1773993614569 1e-05 1100
1773993616329 1e-05 1150
1773993618018 1e-05 1200
1773993620155 1e-05 1250
1773993621817 1e-05 1300
1773993623555 1e-05 1350
1773993625209 1e-05 1400
1773993626827 1e-05 1450
1773993628464 1e-05 1500
1773993630134 1e-05 1550
1773993699498 1e-05 1600
1773993701852 1e-05 1650
1773993703505 1e-05 1700
1773993705233 1e-05 1750
1773993707139 1e-05 1800
1773993708878 1e-05 1850
1773993710513 1e-05 1900
1773993712149 1e-05 1950
1773993713817 1e-05 2000
1773993715434 1e-05 2050
1773993717077 1e-05 2100
1773993718731 1e-05 2150
1773993720413 1e-05 2200
1773993722025 1e-05 2250
1773993723622 1e-05 2300
1773993725306 1e-05 2350
1773993794178 1e-05 2400
1773993796414 1e-05 2450
1773993798039 1e-05 2500
1773993799696 1e-05 2550
1773993801328 1e-05 2600
1773993802970 1e-05 2650
1773993804585 1e-05 2700
1773993806205 1e-05 2750
1773993807818 1e-05 2800
1773993809453 1e-05 2850
1773993811075 1e-05 2900
1773993812689 1e-05 2950
1773993814371 1e-05 3000
1773993815963 1e-05 3050
1773993817637 1e-05 3100
1773993819265 1e-05 3150
1773993891365 1e-05 3200
1773993893663 1e-05 3250
1773993895344 1e-05 3300
1773993896993 1e-05 3350
1773993898639 1e-05 3400
1773993900271 1e-05 3450
1773993901868 1e-05 3500
1773993903502 1e-05 3550
1773993905184 1e-05 3600
1773993906880 1e-05 3650
1773993908463 1e-05 3700
1773993910065 1e-05 3750
1773993911716 1e-05 3800
1773993913305 1e-05 3850
1773993914929 1e-05 3900
1773993916566 1e-05 3950
1773993983801 1e-05 4000
1773993986105 1e-05 4050
1773993987713 1e-05 4100
1773993989379 1e-05 4150
1773993991033 1e-05 4200
1773993992721 1e-05 4250
1773993994319 1e-05 4300
1773993995968 1e-05 4350
1773993997576 1e-05 4400
1773993999187 1e-05 4450
1773994000755 1e-05 4500
1773994002442 1e-05 4550
1773994004052 1e-05 4600
1773994005648 1e-05 4650
1773994007351 1e-05 4700
1773994009024 1e-05 4750
1773994077651 1e-05 4800
1773994079894 1e-05 4850
1773994081528 1e-05 4900
1773994083147 1e-05 4950
1773994084788 1e-05 5000
1773994086486 1e-05 5050
1773994088105 1e-05 5100
1773994089678 1e-05 5150
1773994091392 1e-05 5200
1773994092985 1e-05 5250
1773994094621 1e-05 5300
1773994096277 1e-05 5350
1773994097898 1e-05 5400
1773994099481 1e-05 5450
1773994101104 1e-05 5500
1773994102689 1e-05 5550
1773994174663 1e-05 5600
1773994176900 1e-05 5650
1773994178547 1e-05 5700
1773994180154 1e-05 5750
1773994181750 1e-05 5800
1773994183348 1e-05 5850
1773994184935 1e-05 5900
1773994186650 1e-05 5950
1773994188316 1e-05 6000
1773994189907 1e-05 6050
1773994191538 1e-05 6100
1773994193196 1e-05 6150
1773994194825 1e-05 6200
1773994196536 1e-05 6250
1773994198239 1e-05 6300
1773994199879 1e-05 6350
1773994268562 1e-05 6400
1773994270834 1e-05 6450
1773994272486 1e-05 6500
1773994274135 1e-05 6550
1773994275765 1e-05 6600
1773994277377 1e-05 6650
1773994278981 1e-05 6700
1773994280617 1e-05 6750
1773994282227 1e-05 6800
1773994283884 1e-05 6850
1773994285555 1e-05 6900
1773994287180 1e-05 6950
1773994288837 1e-05 7000
1773994290481 1e-05 7050
1773994292102 1e-05 7100
1773994293730 1e-05 7150
1773994362682 1e-05 7200
1773994365004 1e-05 7250
1773994366623 1e-05 7300
1773994368284 1e-05 7350
1773994369879 1e-05 7400
1773994371454 1e-05 7450
1773994373029 1e-05 7500
1773994374657 1e-05 7550
1773994376259 1e-05 7600
1773994377951 1e-05 7650
1773994379560 1e-05 7700
1773994381153 1e-05 7750
1773994382738 1e-05 7800
1773994384390 1e-05 7850
1773994386057 1e-05 7900
1773994387713 1e-05 7950
1773994454829 1e-05 8000
1773994457229 1e-05 8050
1773994458895 1e-05 8100
1773994460491 1e-05 8150
1773994462093 1e-05 8200
1773994463664 1e-05 8250
1773994465319 1e-05 8300
1773994466933 1e-05 8350
1773994468533 1e-05 8400
1773994470251 1e-05 8450
1773994471880 1e-05 8500
1773994473547 1e-05 8550
1773994475191 1e-05 8600
1773994476884 1e-05 8650
1773994478462 1e-05 8700
1773994480087 1e-05 8750
1773994543104 1e-05 8800
1773994545347 1e-05 8850
1773994546948 1e-05 8900
1773994548512 1e-05 8950
1773994550061 1e-05 9000
1773994551674 1e-05 9050
1773994553249 1e-05 9100
1773994554834 1e-05 9150
1773994556401 1e-05 9200
1773994557977 1e-05 9250
1773994559551 1e-05 9300
1773994561141 1e-05 9350
1773994562663 1e-05 9400
1773994564215 1e-05 9450
1773994565761 1e-05 9500
1773994567341 1e-05 9550
1773994630981 1e-05 9600
1773994633176 1e-05 9650
1773994634745 1e-05 9700
1773994636360 1e-05 9750
1773994638018 1e-05 9800
1773994639553 1e-05 9850
1773994641119 1e-05 9900
1773994642717 1e-05 9950
1773994644278 1e-05 10000
1773994645840 1e-05 10050
1773994647418 1e-05 10100
1773994648961 1e-05 10150
1773994650521 1e-05 10200
1773994652121 1e-05 10250
1773994653709 1e-05 10300
1773994655261 1e-05 10350
1773994717483 1e-05 10400
1773994719794 1e-05 10450
1773994721352 1e-05 10500
1773994722913 1e-05 10550
1773994724478 1e-05 10600
1773994726081 1e-05 10650
1773994727683 1e-05 10700
1773994729320 1e-05 10750
1773994730882 1e-05 10800
1773994732503 1e-05 10850
1773994734061 1e-05 10900
1773994735659 1e-05 10950
1773994737180 1e-05 11000
1773994738800 1e-05 11050
1773994740374 1e-05 11100
1773994741962 1e-05 11150
1773994804173 1e-05 11200
1773994806424 1e-05 11250
1773994808009 1e-05 11300
1773994809596 1e-05 11350
1773994811251 1e-05 11400
1773994812823 1e-05 11450
1773994814458 1e-05 11500
1773994816065 1e-05 11550
1773994817673 1e-05 11600
1773994819199 1e-05 11650
1773994820805 1e-05 11700
1773994822429 1e-05 11750
1773994824072 1e-05 11800
1773994825703 1e-05 11850
1773994827319 1e-05 11900
1773994828901 1e-05 11950
1773994892011 1e-05 12000
1773994894202 1e-05 12050
1773994895797 1e-05 12100
1773994897366 1e-05 12150
1773994898937 1e-05 12200
1773994900518 1e-05 12250
1773994902162 1e-05 12300
1773994903746 1e-05 12350
1773994905278 1e-05 12400
1773994906911 1e-05 12450
1773994908538 1e-05 12500
1773994910191 1e-05 12550
1773994911760 1e-05 12600
1773994913373 1e-05 12650
1773994914962 1e-05 12700
1773994916520 1e-05 12750
1773994978699 1e-05 12800
1773994980980 1e-05 12850
1773994982557 1e-05 12900
1773994984153 1e-05 12950
1773994985789 1e-05 13000
1773994987407 1e-05 13050
1773994988992 1e-05 13100
1773994990600 1e-05 13150
1773994992323 1e-05 13200
1773994994074 1e-05 13250
1773994995768 1e-05 13300
1773994997434 1e-05 13350
1773994999063 1e-05 13400
1773995000746 1e-05 13450
1773995002290 1e-05 13500
1773995003913 1e-05 13550
1773995064604 1e-05 13600
1773995066868 1e-05 13650
1773995068514 1e-05 13700
1773995070075 1e-05 13750
1773995071657 1e-05 13800
1773995073246 1e-05 13850
1773995074801 1e-05 13900
1773995076374 1e-05 13950
1773995077950 1e-05 14000
1773995079606 1e-05 14050
1773995081207 1e-05 14100
1773995082911 1e-05 14150
1773995084529 1e-05 14200
1773995086116 1e-05 14250
1773995087718 1e-05 14300
1773995089292 1e-05 14350
1773995154846 1e-05 14400
1773995157166 1e-05 14450
1773995158758 1e-05 14500
1773995160313 1e-05 14550
1773995161981 1e-05 14600
1773995163581 1e-05 14650
1773995165154 1e-05 14700
1773995166732 1e-05 14750
1773995168367 1e-05 14800
1773995169965 1e-05 14850
1773995171533 1e-05 14900
1773995173144 1e-05 14950
1773995174813 1e-05 15000
1773995176367 1e-05 15050
1773995177999 1e-05 15100
1773995179548 1e-05 15150
1773995244982 1e-05 15200
1773995247244 1e-05 15250
1773995248876 1e-05 15300
1773995250413 1e-05 15350
1773995252038 1e-05 15400
1773995253629 1e-05 15450
1773995255178 1e-05 15500
1773995256759 1e-05 15550
1773995258391 1e-05 15600
1773995259974 1e-05 15650
1773995261568 1e-05 15700
1773995263173 1e-05 15750
1773995264698 1e-05 15800
1773995266245 1e-05 15850
1773995267817 1e-05 15900
1773995269431 1e-05 15950
1773995331634 1e-05 16000
1773995333904 1e-05 16050
1773995335511 1e-05 16100
1773995337078 1e-05 16150
1773995338601 1e-05 16200
1773995340259 1e-05 16250
1773995341868 1e-05 16300
1773995343442 1e-05 16350
1773995345092 1e-05 16400
1773995346670 1e-05 16450
1773995348334 1e-05 16500
1773995349948 1e-05 16550
1773995351526 1e-05 16600
1773995353060 1e-05 16650
1773995354675 1e-05 16700
1773995356171 1e-05 16750
1773995418379 1e-05 16800
1773995420598 1e-05 16850
1773995422270 1e-05 16900
1773995423873 1e-05 16950
1773995425473 1e-05 17000
1773995427146 1e-05 17050
1773995428733 1e-05 17100
1773995430406 1e-05 17150
1773995432027 1e-05 17200
1773995433611 1e-05 17250
1773995435199 1e-05 17300
1773995436828 1e-05 17350
1773995438375 1e-05 17400
1773995439923 1e-05 17450
1773995441530 1e-05 17500
1773995443127 1e-05 17550
1773995503715 1e-05 17600
1773995506019 1e-05 17650
1773995507568 1e-05 17700
1773995509145 1e-05 17750
1773995510777 1e-05 17800
1773995512433 1e-05 17850
1773995514054 1e-05 17900
1773995515690 1e-05 17950
1773995517313 1e-05 18000
1773995518845 1e-05 18050
1773995520475 1e-05 18100
1773995522074 1e-05 18150
1773995523717 1e-05 18200
1773995525252 1e-05 18250
1773995526864 1e-05 18300
1773995528467 1e-05 18350
1773995590716 1e-05 18400
1773995592961 1e-05 18450
1773995594567 1e-05 18500
1773995596117 1e-05 18550
1773995597713 1e-05 18600
1773995599364 1e-05 18650
1773995600983 1e-05 18700
1773995602611 1e-05 18750
1773995604226 1e-05 18800
1773995605845 1e-05 18850
1773995607499 1e-05 18900
1773995609125 1e-05 18950
1773995610756 1e-05 19000
1773995612348 1e-05 19050
1773995613984 1e-05 19100
1773995615543 1e-05 19150
1773995676395 1e-05 19200
1773995678770 1e-05 19250
1773995680367 1e-05 19300
1773995681993 1e-05 19350
1773995683591 1e-05 19400
1773995685190 1e-05 19450
1773995686817 1e-05 19500
1773995688416 1e-05 19550
1773995689982 1e-05 19600
1773995691598 1e-05 19650
1773995693184 1e-05 19700
1773995694808 1e-05 19750
1773995696359 1e-05 19800
1773995697975 1e-05 19850
1773995699597 1e-05 19900
1773995701197 1e-05 19950
1773995761798 1e-05 20000
1773995764059 1e-05 20050
1773995765671 1e-05 20100
1773995767264 1e-05 20150
1773995768891 1e-05 20200
1773995770575 1e-05 20250
1773995772135 1e-05 20300
1773995773709 1e-05 20350
1773995775351 1e-05 20400
1773995776985 1e-05 20450
1773995778641 1e-05 20500
1773995780249 1e-05 20550
1773995781837 1e-05 20600
1773995783379 1e-05 20650
1773995785026 1e-05 20700
1773995786644 1e-05 20750
1773995847245 1e-05 20800
1773995849516 1e-05 20850
1773995851152 1e-05 20900
1773995852810 1e-05 20950
1773995854398 1e-05 21000
1773995856065 1e-05 21050
1773995857697 1e-05 21100
1773995859257 1e-05 21150
1773995860895 1e-05 21200
1773995862505 1e-05 21250
1773995864052 1e-05 21300
1773995865730 1e-05 21350
1773995867396 1e-05 21400
1773995869064 1e-05 21450
1773995870712 1e-05 21500
1773995872290 1e-05 21550
1773995934611 1e-05 21600
1773995936881 1e-05 21650
1773995938537 1e-05 21700
1773995940173 1e-05 21750
1773995941802 1e-05 21800
1773995943380 1e-05 21850
1773995945020 1e-05 21900
1773995946603 1e-05 21950
1773995948226 1e-05 22000
1773995949806 1e-05 22050
1773995951408 1e-05 22100
1773995953082 1e-05 22150
1773995954733 1e-05 22200
1773995956330 1e-05 22250
1773995957973 1e-05 22300
1773995959598 1e-05 22350
1773996021790 1e-05 22400
1773996024074 1e-05 22450
1773996025689 1e-05 22500
1773996027357 1e-05 22550
1773996028931 1e-05 22600
1773996030477 1e-05 22650
1773996032079 1e-05 22700
1773996033700 1e-05 22750
1773996035341 1e-05 22800
1773996036972 1e-05 22850
1773996038572 1e-05 22900
1773996040218 1e-05 22950
1773996041842 1e-05 23000
1773996043425 1e-05 23050
1773996045081 1e-05 23100
1773996046656 1e-05 23150
1773996112189 1e-05 23200
1773996114536 1e-05 23250
1773996116106 1e-05 23300
1773996117734 1e-05 23350
1773996119311 1e-05 23400
1773996120944 1e-05 23450
1773996122507 1e-05 23500
1773996124125 1e-05 23550
1773996125729 1e-05 23600
1773996127376 1e-05 23650
1773996129047 1e-05 23700
1773996130668 1e-05 23750
1773996132382 1e-05 23800
1773996133889 1e-05 23850
1773996135510 1e-05 23900
1773996137127 1e-05 23950
1773996197743 1e-05 24000
1773996200077 1e-05 24050
1773996201702 1e-05 24100
1773996203304 1e-05 24150
1773996204969 1e-05 24200
1773996206636 1e-05 24250
1773996208238 1e-05 24300
1773996209845 1e-05 24350
1773996211493 1e-05 24400
1773996213149 1e-05 24450
1773996214758 1e-05 24500
1773996216413 1e-05 24550
1773996218035 1e-05 24600
1773996219605 1e-05 24650
1773996221269 1e-05 24700
1773996222912 1e-05 24750
1773996283543 1e-05 24800
1773996285928 1e-05 24850
1773996287538 1e-05 24900
1773996289212 1e-05 24950
1773996290817 1e-05 25000
1773996292439 1e-05 25050
1773996294055 1e-05 25100
1773996295661 1e-05 25150
1773996297316 1e-05 25200
1773996298934 1e-05 25250
1773996300606 1e-05 25300
1773996302280 1e-05 25350
1773996303882 1e-05 25400
1773996305596 1e-05 25450
1773996307296 1e-05 25500
1773996308901 1e-05 25550
1773996371162 1e-05 25600
1773996373480 1e-05 25650
1773996375151 1e-05 25700
1773996376722 1e-05 25750
1773996378368 1e-05 25800
1773996379961 1e-05 25850
1773996381570 1e-05 25900
1773996383162 1e-05 25950
1773996384750 1e-05 26000
1773996386376 1e-05 26050
1773996387998 1e-05 26100
1773996389638 1e-05 26150
1773996391253 1e-05 26200
1773996392822 1e-05 26250
1773996394513 1e-05 26300
1773996396188 1e-05 26350
1773996458344 1e-05 26400
1773996460653 1e-05 26450
1773996462291 1e-05 26500
1773996463906 1e-05 26550
1773996465572 1e-05 26600
1773996467227 1e-05 26650
1773996468831 1e-05 26700
1773996470471 1e-05 26750
1773996472141 1e-05 26800
1773996473712 1e-05 26850
1773996475380 1e-05 26900
1773996477003 1e-05 26950
1773996478578 1e-05 27000
1773996480238 1e-05 27050
1773996481888 1e-05 27100
1773996483533 1e-05 27150
1773996545894 1e-05 27200
1773996548256 1e-05 27250
1773996549885 1e-05 27300
1773996551550 1e-05 27350
1773996553158 1e-05 27400
1773996554792 1e-05 27450
1773996556349 1e-05 27500
1773996557912 1e-05 27550
1773996559620 1e-05 27600
1773996561252 1e-05 27650
1773996562864 1e-05 27700
1773996564551 1e-05 27750
1773996566189 1e-05 27800
1773996567876 1e-05 27850
1773996569484 1e-05 27900
1773996571120 1e-05 27950
1773996633399 1e-05 28000
1773996635849 1e-05 28050
1773996637454 1e-05 28100
1773996639076 1e-05 28150
1773996640720 1e-05 28200
1773996642345 1e-05 28250
1773996644011 1e-05 28300
1773996645687 1e-05 28350
1773996647320 1e-05 28400
1773996648901 1e-05 28450
1773996650510 1e-05 28500
1773996652202 1e-05 28550
1773996653760 1e-05 28600
1773996655396 1e-05 28650
1773996656995 1e-05 28700
1773996658599 1e-05 28750
1773996721667 1e-05 28800
1773996724021 1e-05 28850
1773996725663 1e-05 28900
1773996727245 1e-05 28950
1773996728812 1e-05 29000
1773996730468 1e-05 29050
1773996732095 1e-05 29100
1773996733702 1e-05 29150
1773996735313 1e-05 29200
1773996736872 1e-05 29250
1773996738489 1e-05 29300
1773996740096 1e-05 29350
1773996741727 1e-05 29400
1773996743418 1e-05 29450
1773996745068 1e-05 29500
1773996746692 1e-05 29550
1773996807257 1e-05 29600
1773996809636 1e-05 29650
1773996811231 1e-05 29700
1773996812818 1e-05 29750
1773996814448 1e-05 29800
1773996816117 1e-05 29850
1773996817733 1e-05 29900
1773996819449 1e-05 29950
1773996821090 1e-05 30000
1773996822665 1e-05 30050
1773996824273 1e-05 30100
1773996825907 1e-05 30150
1773996827536 1e-05 30200
1773996829199 1e-05 30250
1773996830897 1e-05 30300
1773996832523 1e-05 30350
1773996894878 1e-05 30400
1773996897219 1e-05 30450
1773996898817 1e-05 30500
1773996900458 1e-05 30550
1773996902070 1e-05 30600
1773996903736 1e-05 30650
1773996905278 1e-05 30700
1773996906933 1e-05 30750
1773996908643 1e-05 30800
1773996910269 1e-05 30850
1773996911915 1e-05 30900
1773996913589 1e-05 30950
1773996915256 1e-05 31000
1773996916946 1e-05 31050
1773996918585 1e-05 31100
1773996920223 1e-05 31150
1773996983239 1e-05 31200
1773996985505 1e-05 31250
1773996987167 1e-05 31300
1773996988839 1e-05 31350
1773996990482 1e-05 31400
1773996992123 1e-05 31450
1773996993721 1e-05 31500
1773996995287 1e-05 31550
1773996996919 1e-05 31600
1773996998539 1e-05 31650
1773997000137 1e-05 31700
1773997001756 1e-05 31750
1773997003375 1e-05 31800
1773997005042 1e-05 31850
1773997006730 1e-05 31900
1773997008343 1e-05 31950
1773997070717 1e-05 32000
1773997073189 1e-05 32050
1773997074851 1e-05 32100
1773997076466 1e-05 32150
1773997078073 1e-05 32200
1773997079659 1e-05 32250
1773997081335 1e-05 32300
1773997083013 1e-05 32350
1773997084671 1e-05 32400
1773997086284 1e-05 32450
1773997087923 1e-05 32500
1773997089685 1e-05 32550
1773997091289 1e-05 32600
1773997092814 1e-05 32650
1773997094422 1e-05 32700
1773997096008 1e-05 32750
1773997156668 1e-05 32800
1773997159067 1e-05 32850
1773997160708 1e-05 32900
1773997162342 1e-05 32950
1773997164069 1e-05 33000
1773997165760 1e-05 33050
1773997167351 1e-05 33100
1773997168898 1e-05 33150
1773997170590 1e-05 33200
1773997172147 1e-05 33250
1773997173794 1e-05 33300
1773997175407 1e-05 33350
1773997177079 1e-05 33400
1773997178704 1e-05 33450
1773997180352 1e-05 33500
1773997181959 1e-05 33550
1773997244136 1e-05 33600
1773997246499 1e-05 33650
1773997248199 1e-05 33700
1773997249893 1e-05 33750
1773997251530 1e-05 33800
1773997253117 1e-05 33850
1773997254769 1e-05 33900
1773997256430 1e-05 33950
1773997258054 1e-05 34000
1773997259674 1e-05 34050
1773997261375 1e-05 34100
1773997262993 1e-05 34150
1773997264618 1e-05 34200
1773997266213 1e-05 34250
1773997267932 1e-05 34300
1773997269627 1e-05 34350
1773997331936 1e-05 34400
1773997334356 1e-05 34450
1773997336005 1e-05 34500
1773997337663 1e-05 34550
1773997339345 1e-05 34600
1773997340982 1e-05 34650
1773997342583 1e-05 34700
1773997344210 1e-05 34750
1773997345854 1e-05 34800
1773997347454 1e-05 34850
1773997349062 1e-05 34900
1773997350729 1e-05 34950
1773997352360 1e-05 35000
1773997354021 1e-05 35050
1773997355710 1e-05 35100
1773997357349 1e-05 35150
1773997420543 1e-05 35200
1773997422931 1e-05 35250
1773997424590 1e-05 35300
1773997426252 1e-05 35350
1773997427942 1e-05 35400
1773997429604 1e-05 35450
1773997431236 1e-05 35500
1773997432888 1e-05 35550
1773997434460 1e-05 35600
1773997436111 1e-05 35650
1773997437705 1e-05 35700
1773997439351 1e-05 35750
1773997440978 1e-05 35800
1773997442619 1e-05 35850
1773997444304 1e-05 35900
1773997445947 1e-05 35950
1773997508208 1e-05 36000
1773997510535 1e-05 36050
1773997512180 1e-05 36100
1773997513935 1e-05 36150
1773997515641 1e-05 36200
1773997517226 1e-05 36250
1773997518902 1e-05 36300
1773997520508 1e-05 36350
1773997522172 1e-05 36400
1773997523757 1e-05 36450
1773997525396 1e-05 36500
1773997527064 1e-05 36550
1773997528698 1e-05 36600
1773997530353 1e-05 36650
1773997532076 1e-05 36700
1773997533689 1e-05 36750
1773997595992 1e-05 36800
1773997598410 1e-05 36850
1773997600057 1e-05 36900
1773997601754 1e-05 36950
1773997603454 1e-05 37000
1773997605114 1e-05 37050
1773997606800 1e-05 37100
1773997608533 1e-05 37150
1773997610152 1e-05 37200
1773997611766 1e-05 37250
1773997613438 1e-05 37300
1773997615054 1e-05 37350
1773997616670 1e-05 37400
1773997618328 1e-05 37450
1773997620012 1e-05 37500
1773997621699 1e-05 37550
1773997682406 1e-05 37600
1773997684847 1e-05 37650
1773997686513 1e-05 37700
1773997688205 1e-05 37750
1773997689882 1e-05 37800
1773997691501 1e-05 37850
1773997693216 1e-05 37900
1773997694825 1e-05 37950
1773997696485 1e-05 38000
1773997698117 1e-05 38050
1773997699752 1e-05 38100
1773997701426 1e-05 38150
1773997703060 1e-05 38200
1773997704654 1e-05 38250
1773997706364 1e-05 38300
1773997708048 1e-05 38350
1773997773497 1e-05 38400
1773997775796 1e-05 38450
1773997777429 1e-05 38500
1773997779087 1e-05 38550
1773997780655 1e-05 38600
1773997782331 1e-05 38650
1773997783952 1e-05 38700
1773997785588 1e-05 38750
1773997787263 1e-05 38800
1773997788853 1e-05 38850
1773997790415 1e-05 38900
1773997792018 1e-05 38950
1773997793638 1e-05 39000
1773997795257 1e-05 39050
1773997796891 1e-05 39100
1773997798570 1e-05 39150
1773997864105 1e-05 39200
1773997866447 1e-05 39250
1773997868100 1e-05 39300
1773997869720 1e-05 39350
1773997871338 1e-05 39400
1773997873008 1e-05 39450
1773997874648 1e-05 39500
1773997876310 1e-05 39550
1773997877964 1e-05 39600
1773997879618 1e-05 39650
1773997881258 1e-05 39700
1773997882897 1e-05 39750
1773997884480 1e-05 39800
1773997886188 1e-05 39850
1773997887858 1e-05 39900
1773997889519 1e-05 39950
1773997951886 1e-05 40000
1773997954257 1e-05 40050
1773997955946 1e-05 40100
1773997957571 1e-05 40150
1773997959197 1e-05 40200
1773997960920 1e-05 40250
1773997962584 1e-05 40300
1773997964226 1e-05 40350
1773997965846 1e-05 40400
1773997967494 1e-05 40450
1773997969161 1e-05 40500
1773997970871 1e-05 40550
1773997972489 1e-05 40600
1773997974142 1e-05 40650
1773997975730 1e-05 40700
1773997977348 1e-05 40750
1773998039677 1e-05 40800
1773998042105 1e-05 40850
1773998043830 1e-05 40900
1773998045466 1e-05 40950
1773998047085 1e-05 41000
1773998048786 1e-05 41050
1773998050465 1e-05 41100
1773998052123 1e-05 41150
1773998053833 1e-05 41200
1773998055463 1e-05 41250
1773998057192 1e-05 41300
1773998058850 1e-05 41350
1773998060517 1e-05 41400
1773998062152 1e-05 41450
1773998063825 1e-05 41500
1773998065439 1e-05 41550
1773998131066 1e-05 41600
1773998133513 1e-05 41650
1773998135149 1e-05 41700
1773998136776 1e-05 41750
1773998138470 1e-05 41800
1773998140132 1e-05 41850
1773998141687 1e-05 41900
1773998143353 1e-05 41950
1773998145133 1e-05 42000
1773998146769 1e-05 42050
1773998148363 1e-05 42100
1773998149995 1e-05 42150
1773998151655 1e-05 42200
1773998153268 1e-05 42250
1773998154976 1e-05 42300
1773998156584 1e-05 42350
1773998217338 1e-05 42400
1773998219806 1e-05 42450
1773998221419 1e-05 42500
1773998223054 1e-05 42550
1773998224691 1e-05 42600
1773998226330 1e-05 42650
1773998227971 1e-05 42700
1773998229588 1e-05 42750
1773998231298 1e-05 42800
1773998232932 1e-05 42850
1773998234571 1e-05 42900
1773998236263 1e-05 42950
1773998237894 1e-05 43000
1773998239621 1e-05 43050
1773998241325 1e-05 43100
1773998242946 1e-05 43150
1773998305262 1e-05 43200
1773998307618 1e-05 43250
1773998309297 1e-05 43300
1773998310917 1e-05 43350
1773998312536 1e-05 43400
1773998314179 1e-05 43450
1773998315829 1e-05 43500
1773998317522 1e-05 43550
1773998319210 1e-05 43600
1773998320869 1e-05 43650
1773998322547 1e-05 43700
1773998324200 1e-05 43750
1773998325872 1e-05 43800
1773998327544 1e-05 43850
1773998329154 1e-05 43900
1773998330796 1e-05 43950
1773998394000 1e-05 44000
1773998396354 1e-05 44050
1773998398071 1e-05 44100
1773998399767 1e-05 44150
1773998401382 1e-05 44200
1773998403049 1e-05 44250
1773998404747 1e-05 44300
1773998406467 1e-05 44350
1773998408167 1e-05 44400
1773998409887 1e-05 44450
1773998411481 1e-05 44500
1773998413077 1e-05 44550
1773998414732 1e-05 44600
1773998416357 1e-05 44650
1773998418005 1e-05 44700
1773998419626 1e-05 44750
1773998480334 1e-05 44800
1773998482875 1e-05 44850
1773998484514 1e-05 44900
1773998486189 1e-05 44950
1773998487862 1e-05 45000
1773998489500 1e-05 45050
1773998491187 1e-05 45100
1773998492823 1e-05 45150
1773998494456 1e-05 45200
1773998496078 1e-05 45250
1773998497768 1e-05 45300
1773998499471 1e-05 45350
1773998501078 1e-05 45400
1773998502739 1e-05 45450
1773998504451 1e-05 45500
1773998506089 1e-05 45550
1773998568390 1e-05 45600
1773998570856 1e-05 45650
1773998572572 1e-05 45700
1773998574195 1e-05 45750
1773998575863 1e-05 45800
1773998577535 1e-05 45850
1773998579144 1e-05 45900
1773998580800 1e-05 45950
1773998582498 1e-05 46000
1773998584182 1e-05 46050
1773998585824 1e-05 46100
1773998587548 1e-05 46150
1773998589161 1e-05 46200
1773998590829 1e-05 46250
1773998592507 1e-05 46300
1773998594147 1e-05 46350
1773998657299 1e-05 46400
1773998659666 1e-05 46450
1773998661348 1e-05 46500
1773998662957 1e-05 46550
1773998664620 1e-05 46600
1773998666256 1e-05 46650
1773998667902 1e-05 46700
1773998669546 1e-05 46750
1773998671225 1e-05 46800
1773998672827 1e-05 46850
1773998674450 1e-05 46900
1773998676119 1e-05 46950
1773998677780 1e-05 47000
1773998679466 1e-05 47050
1773998681090 1e-05 47100
1773998682699 1e-05 47150
1773998745064 1e-05 47200
1773998747578 1e-05 47250
1773998749229 1e-05 47300
1773998750941 1e-05 47350
1773998752640 1e-05 47400
1773998754259 1e-05 47450
1773998755963 1e-05 47500
1773998757608 1e-05 47550
1773998759292 1e-05 47600
1773998761000 1e-05 47650
1773998762706 1e-05 47700
1773998764362 1e-05 47750
1773998766057 1e-05 47800
1773998767741 1e-05 47850
1773998769403 1e-05 47900
1773998771075 1e-05 47950
1773998840883 1e-05 48000
1773998843456 1e-05 48050
1773998845163 1e-05 48100
1773998846961 1e-05 48150
1773998848838 1e-05 48200
1773998850666 1e-05 48250
1773998852440 1e-05 48300
1773998854216 1e-05 48350
1773998855914 1e-05 48400
1773998857623 1e-05 48450
1773998859398 1e-05 48500
1773998861260 1e-05 48550
1773998863017 1e-05 48600
1773998864732 1e-05 48650
1773998866498 1e-05 48700
1773998868245 1e-05 48750
1773998939558 1e-05 48800
1773998942097 1e-05 48850
1773998943857 1e-05 48900
1773998945553 1e-05 48950
1773998947378 1e-05 49000
1773998949150 1e-05 49050
1773998950821 1e-05 49100
1773998952603 1e-05 49150
1773998954665 1e-05 49200
1773998956402 1e-05 49250
1773998958157 1e-05 49300
1773998959950 1e-05 49350
1773998961830 1e-05 49400
1773998963571 1e-05 49450
1773998965324 1e-05 49500
1773998967066 1e-05 49550
1773999040898 1e-05 49600
1773999043377 1e-05 49650
1773999045092 1e-05 49700
1773999046862 1e-05 49750
1773999048597 1e-05 49800
1773999050332 1e-05 49850
1773999052004 1e-05 49900
1773999053714 1e-05 49950
1773999055443 1e-05 50000
1773999057202 1e-05 50050
1773999058882 1e-05 50100
1773999060632 1e-05 50150
1773999062345 1e-05 50200
1773999064125 1e-05 50250
1773999065885 1e-05 50300
1773999067624 1e-05 50350
1773999134818 1e-05 50400
1773999137232 1e-05 50450
1773999138940 1e-05 50500
1773999140729 1e-05 50550
1773999142424 1e-05 50600
1773999144096 1e-05 50650
1773999145809 1e-05 50700
1773999147493 1e-05 50750
1773999149253 1e-05 50800
1773999150951 1e-05 50850
1773999152632 1e-05 50900
1773999154358 1e-05 50950
1773999156071 1e-05 51000
1773999157770 1e-05 51050
1773999159509 1e-05 51100
1773999161262 1e-05 51150
1773999228408 1e-05 51200
1773999230788 1e-05 51250
1773999232513 1e-05 51300
1773999234237 1e-05 51350
1773999236011 1e-05 51400
1773999237737 1e-05 51450
1773999239409 1e-05 51500
1773999241194 1e-05 51550
1773999242950 1e-05 51600
1773999244702 1e-05 51650
1773999246419 1e-05 51700
1773999248109 1e-05 51750
1773999249809 1e-05 51800
1773999251461 1e-05 51850
1773999253246 1e-05 51900
1773999255016 1e-05 51950
1773999323695 1e-05 52000
1773999326157 1e-05 52050
1773999327924 1e-05 52100
1773999329599 1e-05 52150
1773999331312 1e-05 52200
1773999333140 1e-05 52250
1773999334888 1e-05 52300
1773999336590 1e-05 52350
1773999338297 1e-05 52400
1773999339961 1e-05 52450
1773999341661 1e-05 52500
1773999343365 1e-05 52550
1773999345126 1e-05 52600
1773999346904 1e-05 52650
1773999348599 1e-05 52700
1773999350239 1e-05 52750
1773999419032 1e-05 52800
1773999421505 1e-05 52850
1773999423236 1e-05 52900
1773999424971 1e-05 52950
1773999426710 1e-05 53000
1773999428495 1e-05 53050
1773999430177 1e-05 53100
1773999431902 1e-05 53150
1773999433637 1e-05 53200
1773999435416 1e-05 53250
1773999437078 1e-05 53300
1773999438790 1e-05 53350
1773999440512 1e-05 53400
1773999442268 1e-05 53450
1773999443963 1e-05 53500
1773999445701 1e-05 53550
1773999514429 1e-05 53600
1773999516828 1e-05 53650
1773999518623 1e-05 53700
1773999520322 1e-05 53750
1773999522092 1e-05 53800
1773999523786 1e-05 53850
1773999525524 1e-05 53900
1773999527201 1e-05 53950
1773999528963 1e-05 54000
1773999530735 1e-05 54050
1773999532433 1e-05 54100
1773999534198 1e-05 54150
1773999535861 1e-05 54200
1773999537580 1e-05 54250
1773999539322 1e-05 54300
1773999541084 1e-05 54350
1773999608346 1e-05 54400
1773999610848 1e-05 54450
1773999612560 1e-05 54500
1773999614218 1e-05 54550
1773999615956 1e-05 54600
1773999617665 1e-05 54650
1773999619415 1e-05 54700
1773999621126 1e-05 54750
1773999622875 1e-05 54800
1773999624657 1e-05 54850
1773999626367 1e-05 54900
1773999628116 1e-05 54950
1773999629913 1e-05 55000
1773999631666 1e-05 55050
1773999633428 1e-05 55100
1773999635115 1e-05 55150
1773999703832 1e-05 55200
1773999706298 1e-05 55250
1773999708073 1e-05 55300
1773999709819 1e-05 55350
1773999711601 1e-05 55400
1773999713358 1e-05 55450
1773999715167 1e-05 55500
1773999716866 1e-05 55550
1773999718580 1e-05 55600
1773999720337 1e-05 55650
1773999722058 1e-05 55700
1773999723786 1e-05 55750
1773999725518 1e-05 55800
1773999727215 1e-05 55850
1773999728971 1e-05 55900
1773999730692 1e-05 55950
1773999799654 1e-05 56000
1773999802105 1e-05 56050
1773999803823 1e-05 56100
1773999805557 1e-05 56150
1773999807282 1e-05 56200
1773999809027 1e-05 56250
1773999810760 1e-05 56300
1773999812493 1e-05 56350
1773999814181 1e-05 56400
1773999815908 1e-05 56450
1773999817608 1e-05 56500
1773999819358 1e-05 56550
1773999821092 1e-05 56600
1773999822806 1e-05 56650
1773999824535 1e-05 56700
1773999826268 1e-05 56750
1773999895137 1e-05 56800
1773999897632 1e-05 56850
1773999899359 1e-05 56900
1773999901175 1e-05 56950
1773999902892 1e-05 57000
1773999904607 1e-05 57050
1773999906372 1e-05 57100
1773999908149 1e-05 57150
1773999909778 1e-05 57200
1773999911570 1e-05 57250
1773999913358 1e-05 57300
1773999915188 1e-05 57350
1773999916980 1e-05 57400
1773999918756 1e-05 57450
1773999920532 1e-05 57500
1773999922174 1e-05 57550
1773999991873 1e-05 57600
1773999994306 1e-05 57650
1773999996066 1e-05 57700
1773999997816 1e-05 57750
1773999999581 1e-05 57800
1774000001318 1e-05 57850
1774000003075 1e-05 57900
1774000004829 1e-05 57950
1774000006564 1e-05 58000
1774000008342 1e-05 58050
1774000010115 1e-05 58100
1774000011887 1e-05 58150
1774000013646 1e-05 58200
1774000015453 1e-05 58250
1774000017241 1e-05 58300
1774000018952 1e-05 58350
1774000087869 1e-05 58400
1774000090269 1e-05 58450
1774000092041 1e-05 58500
1774000093765 1e-05 58550
1774000095516 1e-05 58600
1774000097269 1e-05 58650
1774000098961 1e-05 58700
1774000100674 1e-05 58750
1774000102438 1e-05 58800
1774000104281 1e-05 58850
1774000105956 1e-05 58900
1774000107728 1e-05 58950
1774000109454 1e-05 59000
1774000111223 1e-05 59050
1774000112985 1e-05 59100
1774000114715 1e-05 59150
1774000181839 1e-05 59200
1774000184357 1e-05 59250
1774000186217 1e-05 59300
1774000187955 1e-05 59350
1774000189713 1e-05 59400
1774000191447 1e-05 59450
1774000193205 1e-05 59500
1774000194931 1e-05 59550
1774000196649 1e-05 59600
1774000198388 1e-05 59650
1774000200156 1e-05 59700
1774000201928 1e-05 59750
1774000203656 1e-05 59800
1774000205428 1e-05 59850
1774000207156 1e-05 59900
1774000208922 1e-05 59950
1774000276154 1e-05 60000
1774000278795 1e-05 60050
1774000280524 1e-05 60100
1774000282274 1e-05 60150
1774000284033 1e-05 60200
1774000285763 1e-05 60250
1774000287519 1e-05 60300
1774000289257 1e-05 60350
1774000290959 1e-05 60400
1774000292782 1e-05 60450
1774000294516 1e-05 60500
1774000296329 1e-05 60550
1774000298083 1e-05 60600
1774000299855 1e-05 60650
1774000301621 1e-05 60700
1774000303363 1e-05 60750
1774000372083 1e-05 60800
1774000374622 1e-05 60850
1774000376365 1e-05 60900
1774000378103 1e-05 60950
1774000379874 1e-05 61000
1774000381633 1e-05 61050
1774000383488 1e-05 61100
1774000385225 1e-05 61150
1774000386945 1e-05 61200
1774000388710 1e-05 61250
1774000390459 1e-05 61300
1774000392241 1e-05 61350
1774000394035 1e-05 61400
1774000395802 1e-05 61450
1774000397619 1e-05 61500
1774000399351 1e-05 61550
1774000471346 1e-05 61600
1774000473796 1e-05 61650
1774000475557 1e-05 61700
1774000477333 1e-05 61750
1774000479117 1e-05 61800
1774000480835 1e-05 61850
1774000482584 1e-05 61900
1774000484317 1e-05 61950
1774000486210 1e-05 62000
1774000487937 1e-05 62050
1774000489637 1e-05 62100
1774000491386 1e-05 62150
1774000493205 1e-05 62200
1774000494997 1e-05 62250
1774000496762 1e-05 62300
1774000498568 1e-05 62350
1774000567398 1e-05 62400
1774000569918 1e-05 62450
1774000571700 1e-05 62500
1774000573430 1e-05 62550
1774000575169 1e-05 62600
1774000576961 1e-05 62650
1774000578751 1e-05 62700
1774000580514 1e-05 62750
1774000582248 1e-05 62800
1774000583972 1e-05 62850
1774000585706 1e-05 62900
1774000587429 1e-05 62950
1774000589143 1e-05 63000
1774000590878 1e-05 63050
1774000592660 1e-05 63100
1774000594426 1e-05 63150
1774000661563 1e-05 63200
1774000664079 1e-05 63250
1774000665856 1e-05 63300
1774000667605 1e-05 63350
1774000669340 1e-05 63400
1774000671029 1e-05 63450
1774000672764 1e-05 63500
1774000674552 1e-05 63550
1774000676269 1e-05 63600
1774000678021 1e-05 63650
1774000679793 1e-05 63700
1774000681545 1e-05 63750
1774000683347 1e-05 63800
1774000685168 1e-05 63850
1774000686857 1e-05 63900
1774000688626 1e-05 63950
1774000760671 1e-05 64000
1774000763213 1e-05 64050
1774000764961 1e-05 64100
1774000766790 1e-05 64150
1774000768526 1e-05 64200
1774000770304 1e-05 64250
1774000772079 1e-05 64300
1774000773807 1e-05 64350
1774000775581 1e-05 64400
1774000777379 1e-05 64450
1774000779103 1e-05 64500
1774000780901 1e-05 64550
1774000782618 1e-05 64600
1774000784404 1e-05 64650
1774000786197 1e-05 64700
1774000788018 1e-05 64750
1774000856892 1e-05 64800
1774000859432 1e-05 64850
1774000861168 1e-05 64900
1774000862930 1e-05 64950
1774000864749 1e-05 65000
1774000866499 1e-05 65050
1774000868271 1e-05 65100
1774000870065 1e-05 65150
1774000871833 1e-05 65200
1774000873611 1e-05 65250
1774000875429 1e-05 65300
1774000877163 1e-05 65350
1774000878985 1e-05 65400
1774000880725 1e-05 65450
1774000882480 1e-05 65500
1774000884268 1e-05 65550
1774000953914 1e-05 65600
1774000956396 1e-05 65650
1774000958097 1e-05 65700
1774000959816 1e-05 65750
1774000961644 1e-05 65800
1774000963414 1e-05 65850
1774000965173 1e-05 65900
1774000966922 1e-05 65950
1774000968721 1e-05 66000
1774000970462 1e-05 66050
1774000972204 1e-05 66100
1774000974006 1e-05 66150
1774000975779 1e-05 66200
1774000977505 1e-05 66250
1774000979251 1e-05 66300
1774000980992 1e-05 66350
1774001048154 1e-05 66400
1774001050659 1e-05 66450
1774001052340 1e-05 66500
1774001054068 1e-05 66550
1774001055847 1e-05 66600
1774001057589 1e-05 66650
1774001059373 1e-05 66700
1774001061139 1e-05 66750
1774001062872 1e-05 66800
1774001064685 1e-05 66850
1774001066453 1e-05 66900
1774001068303 1e-05 66950
1774001070109 1e-05 67000
1774001071897 1e-05 67050
1774001073625 1e-05 67100
1774001075402 1e-05 67150
1774001147516 1e-05 67200
1774001150164 1e-05 67250
1774001151898 1e-05 67300
1774001153595 1e-05 67350
1774001155365 1e-05 67400
1774001157163 1e-05 67450
1774001158892 1e-05 67500
1774001160703 1e-05 67550
1774001162482 1e-05 67600
1774001164244 1e-05 67650
1774001166010 1e-05 67700
1774001167872 1e-05 67750
1774001169564 1e-05 67800
1774001171328 1e-05 67850
1774001173149 1e-05 67900
1774001174910 1e-05 67950
1774001242244 1e-05 68000
1774001244762 1e-05 68050
1774001246498 1e-05 68100
1774001248236 1e-05 68150
1774001250014 1e-05 68200
1774001251707 1e-05 68250
1774001253481 1e-05 68300
1774001255232 1e-05 68350
1774001257033 1e-05 68400
1774001258761 1e-05 68450
1774001260490 1e-05 68500
1774001262291 1e-05 68550
1774001264071 1e-05 68600
1774001265823 1e-05 68650
1774001267585 1e-05 68700
1774001269400 1e-05 68750
1774001338201 1e-05 68800
1774001340668 1e-05 68850
1774001342466 1e-05 68900
1774001344226 1e-05 68950
1774001346038 1e-05 69000
1774001347785 1e-05 69050
1774001349585 1e-05 69100
1774001351314 1e-05 69150
1774001353084 1e-05 69200
1774001354844 1e-05 69250
1774001356627 1e-05 69300
1774001358396 1e-05 69350
1774001360147 1e-05 69400
1774001361882 1e-05 69450
1774001363626 1e-05 69500
1774001365379 1e-05 69550
1774001435124 1e-05 69600
1774001437719 1e-05 69650
1774001439644 1e-05 69700
1774001441381 1e-05 69750
1774001443156 1e-05 69800
1774001444919 1e-05 69850
1774001446669 1e-05 69900
1774001448390 1e-05 69950
1774001450113 1e-05 70000
1774001451848 1e-05 70050
1774001453606 1e-05 70100
1774001455395 1e-05 70150
1774001457222 1e-05 70200
1774001459003 1e-05 70250
1774001460801 1e-05 70300
1774001462604 1e-05 70350
1774001531499 1e-05 70400
1774001534061 1e-05 70450
1774001535828 1e-05 70500
1774001537601 1e-05 70550
1774001539320 1e-05 70600
1774001541158 1e-05 70650
1774001542987 1e-05 70700
1774001544744 1e-05 70750
1774001546433 1e-05 70800
1774001548226 1e-05 70850
1774001549991 1e-05 70900
1774001551767 1e-05 70950
1774001553567 1e-05 71000
1774001555339 1e-05 71050
1774001557107 1e-05 71100
1774001558863 1e-05 71150
1774001627642 1e-05 71200
1774001630207 1e-05 71250
1774001631986 1e-05 71300
1774001633738 1e-05 71350
1774001635457 1e-05 71400
1774001637168 1e-05 71450
1774001638960 1e-05 71500
1774001640760 1e-05 71550
1774001642580 1e-05 71600
1774001644329 1e-05 71650
1774001646076 1e-05 71700
1774001647834 1e-05 71750
1774001649617 1e-05 71800
1774001651349 1e-05 71850
1774001653116 1e-05 71900
1774001654871 1e-05 71950
1774001722275 1e-05 72000
1774001724768 1e-05 72050
1774001726562 1e-05 72100
1774001728308 1e-05 72150
1774001730091 1e-05 72200
1774001731836 1e-05 72250
1774001733655 1e-05 72300
1774001735409 1e-05 72350
1774001737178 1e-05 72400
1774001738939 1e-05 72450
1774001740671 1e-05 72500
1774001742479 1e-05 72550
1774001744294 1e-05 72600
1774001746001 1e-05 72650
1774001747766 1e-05 72700
1774001749526 1e-05 72750
1774001818348 1e-05 72800
1774001820885 1e-05 72850
1774001822667 1e-05 72900
1774001824423 1e-05 72950
1774001826203 1e-05 73000
1774001827895 1e-05 73050
1774001829568 1e-05 73100
1774001831324 1e-05 73150
1774001833101 1e-05 73200
1774001834859 1e-05 73250
1774001836636 1e-05 73300
1774001838393 1e-05 73350
1774001840253 1e-05 73400
1774001842038 1e-05 73450
1774001843905 1e-05 73500
1774001845725 1e-05 73550
1774001914608 1e-05 73600
1774001917190 1e-05 73650
1774001918997 1e-05 73700
1774001920788 1e-05 73750
1774001922623 1e-05 73800
1774001924402 1e-05 73850
1774001926192 1e-05 73900
1774001928005 1e-05 73950
1774001929790 1e-05 74000
1774001931505 1e-05 74050
1774001933223 1e-05 74100
1774001935051 1e-05 74150
1774001936856 1e-05 74200
1774001938746 1e-05 74250
1774001940494 1e-05 74300
1774001942288 1e-05 74350
1774002009444 1e-05 74400
1774002012048 1e-05 74450
1774002013798 1e-05 74500
1774002015630 1e-05 74550
1774002017496 1e-05 74600
1774002019272 1e-05 74650
1774002021046 1e-05 74700
1774002022798 1e-05 74750
1774002024617 1e-05 74800
1774002026397 1e-05 74850
1774002028205 1e-05 74900
1774002029989 1e-05 74950
1774002031774 1e-05 75000
1774002033585 1e-05 75050
1774002035306 1e-05 75100
1774002037069 1e-05 75150
1774002109225 1e-05 75200
1774002111826 1e-05 75250
1774002113653 1e-05 75300
1774002115519 1e-05 75350
1774002117331 1e-05 75400
1774002119089 1e-05 75450
1774002120850 1e-05 75500
1774002122643 1e-05 75550
1774002124387 1e-05 75600
1774002126118 1e-05 75650
1774002127851 1e-05 75700
1774002129669 1e-05 75750
1774002131466 1e-05 75800
1774002133294 1e-05 75850
1774002135083 1e-05 75900
1774002136849 1e-05 75950
1774002205752 1e-05 76000
1774002208348 1e-05 76050
1774002210154 1e-05 76100
1774002211921 1e-05 76150
1774002213680 1e-05 76200
1774002215594 1e-05 76250
1774002217390 1e-05 76300
1774002219210 1e-05 76350
1774002220981 1e-05 76400
1774002222813 1e-05 76450
1774002224533 1e-05 76500
1774002226308 1e-05 76550
1774002228117 1e-05 76600
1774002229906 1e-05 76650
1774002231670 1e-05 76700
1774002233427 1e-05 76750
1774002303296 1e-05 76800
1774002305832 1e-05 76850
1774002307641 1e-05 76900
1774002309386 1e-05 76950
1774002311184 1e-05 77000
1774002312967 1e-05 77050
1774002314759 1e-05 77100
1774002316492 1e-05 77150
1774002318274 1e-05 77200
1774002320125 1e-05 77250
1774002321919 1e-05 77300
1774002323669 1e-05 77350
1774002325471 1e-05 77400
1774002327218 1e-05 77450
1774002328987 1e-05 77500
1774002330758 1e-05 77550
1774002397986 1e-05 77600
1774002400594 1e-05 77650
1774002402379 1e-05 77700
1774002404187 1e-05 77750
1774002405997 1e-05 77800
1774002407839 1e-05 77850
1774002409637 1e-05 77900
1774002411408 1e-05 77950
1774002413213 1e-05 78000
1774002414966 1e-05 78050
1774002416792 1e-05 78100
1774002418555 1e-05 78150
1774002420461 1e-05 78200
1774002422195 1e-05 78250
1774002423972 1e-05 78300
1774002425741 1e-05 78350
1774002495568 1e-05 78400
1774002498091 1e-05 78450
1774002499894 1e-05 78500
1774002501701 1e-05 78550
1774002503490 1e-05 78600
1774002505256 1e-05 78650
1774002506989 1e-05 78700
1774002508749 1e-05 78750
1774002510547 1e-05 78800
1774002512394 1e-05 78850
1774002514126 1e-05 78900
1774002515921 1e-05 78950
1774002517711 1e-05 79000
1774002519555 1e-05 79050
1774002521355 1e-05 79100
1774002523145 1e-05 79150
1774002592008 1e-05 79200
1774002594593 1e-05 79250
1774002596471 1e-05 79300
1774002598216 1e-05 79350
1774002600023 1e-05 79400
1774002601787 1e-05 79450
1774002603556 1e-05 79500
1774002605324 1e-05 79550
1774002607139 1e-05 79600
1774002608970 1e-05 79650
1774002610713 1e-05 79700
1774002612554 1e-05 79750
1774002614364 1e-05 79800
1774002616127 1e-05 79850
1774002618003 1e-05 79900
1774002619785 1e-05 79950
1774002689589 1e-05 80000
1774002692147 1e-05 80050
1774002693932 1e-05 80100
1774002695666 1e-05 80150
1774002697575 1e-05 80200
1774002699327 1e-05 80250
1774002701188 1e-05 80300
1774002703026 1e-05 80350
1774002704850 1e-05 80400
1774002706675 1e-05 80450
1774002708415 1e-05 80500
1774002710179 1e-05 80550
1774002711960 1e-05 80600
1774002713792 1e-05 80650
1774002715506 1e-05 80700
1774002717348 1e-05 80750
1774002789511 1e-05 80800
1774002792017 1e-05 80850
1774002793784 1e-05 80900
1774002795479 1e-05 80950
1774002797320 1e-05 81000
1774002799108 1e-05 81050
1774002800892 1e-05 81100
1774002802640 1e-05 81150
1774002804384 1e-05 81200
1774002806259 1e-05 81250
1774002808017 1e-05 81300
1774002809742 1e-05 81350
1774002811518 1e-05 81400
1774002813349 1e-05 81450
1774002815225 1e-05 81500
1774002817000 1e-05 81550
1774002884265 1e-05 81600
1774002886806 1e-05 81650
1774002888576 1e-05 81700
1774002890308 1e-05 81750
1774002892128 1e-05 81800
1774002893930 1e-05 81850
1774002895690 1e-05 81900
1774002897488 1e-05 81950
1774002899242 1e-05 82000
1774002900997 1e-05 82050
1774002902794 1e-05 82100
1774002904605 1e-05 82150
1774002906513 1e-05 82200
1774002908361 1e-05 82250
1774002910195 1e-05 82300
1774002912002 1e-05 82350
1774002978590 1e-05 82400
1774002981186 1e-05 82450
1774002982926 1e-05 82500
1774002984652 1e-05 82550
1774002986336 1e-05 82600
1774002987975 1e-05 82650
1774002989658 1e-05 82700
1774002991416 1e-05 82750
1774002993116 1e-05 82800
1774002994860 1e-05 82850
1774002996582 1e-05 82900
1774002998325 1e-05 82950
1774003000047 1e-05 83000
1774003001791 1e-05 83050
1774003003508 1e-05 83100
1774003005246 1e-05 83150
1774003067514 1e-05 83200
1774003069988 1e-05 83250
1774003071701 1e-05 83300
1774003073448 1e-05 83350
1774003075171 1e-05 83400
1774003076880 1e-05 83450
1774003078621 1e-05 83500
1774003080346 1e-05 83550
1774003082050 1e-05 83600
1774003083709 1e-05 83650
1774003085380 1e-05 83700
1774003087041 1e-05 83750
1774003088816 1e-05 83800
1774003090529 1e-05 83850
1774003092271 1e-05 83900
1774003094020 1e-05 83950
1774003154782 1e-05 84000
1774003157215 1e-05 84050
1774003158913 1e-05 84100
1774003160647 1e-05 84150
1774003162526 1e-05 84200
1774003164281 1e-05 84250
1774003166036 1e-05 84300
1774003167733 1e-05 84350
1774003169436 1e-05 84400
1774003171100 1e-05 84450
1774003172874 1e-05 84500
1774003174600 1e-05 84550
1774003176304 1e-05 84600
1774003178082 1e-05 84650
1774003179801 1e-05 84700
1774003181518 1e-05 84750
1774003243918 1e-05 84800
1774003246303 1e-05 84850
1774003248102 1e-05 84900
1774003249830 1e-05 84950
1774003251514 1e-05 85000
1774003253201 1e-05 85050
1774003254909 1e-05 85100
1774003256626 1e-05 85150
1774003258374 1e-05 85200
1774003260092 1e-05 85250
1774003261860 1e-05 85300
1774003263642 1e-05 85350
1774003265361 1e-05 85400
1774003267064 1e-05 85450
1774003268792 1e-05 85500
1774003270486 1e-05 85550
1774003336154 1e-05 85600
1774003338706 1e-05 85650
1774003340472 1e-05 85700
1774003342196 1e-05 85750
1774003343936 1e-05 85800
1774003345582 1e-05 85850
1774003347281 1e-05 85900
1774003348983 1e-05 85950
1774003350702 1e-05 86000
1774003352402 1e-05 86050
1774003354165 1e-05 86100
1774003356002 1e-05 86150
1774003357797 1e-05 86200
1774003359533 1e-05 86250
1774003361273 1e-05 86300
1774003362986 1e-05 86350
1774003423738 1e-05 86400
1774003426214 1e-05 86450
1774003427921 1e-05 86500
1774003429631 1e-05 86550
1774003431440 1e-05 86600
1774003433127 1e-05 86650
1774003434847 1e-05 86700
1774003436579 1e-05 86750
1774003438308 1e-05 86800
1774003440042 1e-05 86850
1774003441757 1e-05 86900
1774003443483 1e-05 86950
1774003445196 1e-05 87000
1774003446907 1e-05 87050
1774003448644 1e-05 87100
1774003450377 1e-05 87150
1774003512742 1e-05 87200
1774003515230 1e-05 87250
1774003516948 1e-05 87300
1774003518707 1e-05 87350
1774003520494 1e-05 87400
1774003522204 1e-05 87450
1774003523915 1e-05 87500
1774003525611 1e-05 87550
1774003527391 1e-05 87600
1774003529186 1e-05 87650
1774003530892 1e-05 87700
1774003532616 1e-05 87750
1774003534372 1e-05 87800
1774003536049 1e-05 87850
1774003537764 1e-05 87900
1774003539473 1e-05 87950
1774003600229 1e-05 88000
1774003602875 1e-05 88050
1774003604626 1e-05 88100
1774003606290 1e-05 88150
1774003608082 1e-05 88200
1774003609860 1e-05 88250
1774003611622 1e-05 88300
1774003613340 1e-05 88350
1774003615055 1e-05 88400
1774003616794 1e-05 88450
1774003618601 1e-05 88500
1774003620351 1e-05 88550
1774003622136 1e-05 88600
1774003623850 1e-05 88650
1774003625547 1e-05 88700
1774003627287 1e-05 88750
1774003690558 1e-05 88800
1774003693176 1e-05 88850
1774003694948 1e-05 88900
1774003696738 1e-05 88950
1774003698461 1e-05 89000
1774003700188 1e-05 89050
1774003701890 1e-05 89100
1774003703549 1e-05 89150
1774003705372 1e-05 89200
1774003707130 1e-05 89250
1774003708824 1e-05 89300
1774003710625 1e-05 89350
1774003712339 1e-05 89400
1774003714081 1e-05 89450
1774003715823 1e-05 89500
1774003717484 1e-05 89550
1774003780006 1e-05 89600
1774003782472 1e-05 89650
1774003784215 1e-05 89700
1774003785947 1e-05 89750
1774003787727 1e-05 89800
1774003789526 1e-05 89850
1774003791272 1e-05 89900
1774003793066 1e-05 89950
1774003794803 1e-05 90000
1774003796562 1e-05 90050
1774003798299 1e-05 90100
1774003800084 1e-05 90150
1774003801876 1e-05 90200
1774003803543 1e-05 90250
1774003805363 1e-05 90300
1774003807067 1e-05 90350
1774003872733 1e-05 90400
1774003875212 1e-05 90450
1774003876934 1e-05 90500
1774003878690 1e-05 90550
1774003880398 1e-05 90600
1774003882136 1e-05 90650
1774003883847 1e-05 90700
1774003885577 1e-05 90750
1774003887387 1e-05 90800
1774003889149 1e-05 90850
1774003890881 1e-05 90900
1774003892667 1e-05 90950
1774003894510 1e-05 91000
1774003896271 1e-05 91050
1774003897924 1e-05 91100
1774003899693 1e-05 91150
1774003962095 1e-05 91200
1774003964585 1e-05 91250
1774003966300 1e-05 91300
1774003967983 1e-05 91350
1774003969759 1e-05 91400
1774003971464 1e-05 91450
1774003973195 1e-05 91500
1774003974935 1e-05 91550
1774003976687 1e-05 91600
1774003978473 1e-05 91650
1774003980226 1e-05 91700
1774003982009 1e-05 91750
1774003983780 1e-05 91800
1774003985561 1e-05 91850
1774003987319 1e-05 91900
1774003989030 1e-05 91950
1774004051451 1e-05 92000
1774004053870 1e-05 92050
1774004055590 1e-05 92100
1774004057311 1e-05 92150
1774004059054 1e-05 92200
1774004060819 1e-05 92250
1774004062532 1e-05 92300
1774004064383 1e-05 92350
1774004066114 1e-05 92400
1774004067826 1e-05 92450
1774004069570 1e-05 92500
1774004071315 1e-05 92550
1774004073137 1e-05 92600
1774004074850 1e-05 92650
1774004076527 1e-05 92700
1774004078217 1e-05 92750
1774004140724 1e-05 92800
1774004143255 1e-05 92850
1774004144986 1e-05 92900
1774004146781 1e-05 92950
1774004148546 1e-05 93000
1774004150321 1e-05 93050
1774004152066 1e-05 93100
1774004153791 1e-05 93150
1774004155554 1e-05 93200
1774004157312 1e-05 93250
1774004159052 1e-05 93300
1774004160811 1e-05 93350
1774004162565 1e-05 93400
1774004164305 1e-05 93450
1774004166052 1e-05 93500
1774004167734 1e-05 93550
1774004230225 1e-05 93600
1774004232699 1e-05 93650
1774004234440 1e-05 93700
1774004236170 1e-05 93750
1774004237982 1e-05 93800
1774004239768 1e-05 93850
1774004241519 1e-05 93900
1774004243295 1e-05 93950
1774004245079 1e-05 94000
1774004246805 1e-05 94050
1774004248546 1e-05 94100
1774004250213 1e-05 94150
1774004251906 1e-05 94200
1774004253598 1e-05 94250
1774004255474 1e-05 94300
1774004257268 1e-05 94350
1774004319806 1e-05 94400
1774004322272 1e-05 94450
1774004323979 1e-05 94500
1774004325663 1e-05 94550
1774004327427 1e-05 94600
1774004329143 1e-05 94650
1774004330917 1e-05 94700
1774004332661 1e-05 94750
1774004334407 1e-05 94800
1774004336166 1e-05 94850
1774004337905 1e-05 94900
1774004339668 1e-05 94950
1774004341356 1e-05 95000
1774004343027 1e-05 95050
1774004344798 1e-05 95100
1774004346489 1e-05 95150
1774004408882 1e-05 95200
1774004411388 1e-05 95250
1774004413212 1e-05 95300
1774004414984 1e-05 95350
1774004416668 1e-05 95400
1774004418380 1e-05 95450
1774004420125 1e-05 95500
1774004421871 1e-05 95550
1774004423650 1e-05 95600
1774004425438 1e-05 95650
1774004427124 1e-05 95700
1774004428854 1e-05 95750
1774004430578 1e-05 95800
1774004432296 1e-05 95850
1774004434013 1e-05 95900
1774004435754 1e-05 95950
1774004498198 1e-05 96000
1774004500689 1e-05 96050
1774004502483 1e-05 96100
1774004504156 1e-05 96150
1774004505929 1e-05 96200
1774004507790 1e-05 96250
1774004509558 1e-05 96300
1774004511310 1e-05 96350
1774004513083 1e-05 96400
1774004514838 1e-05 96450
1774004516581 1e-05 96500
1774004518328 1e-05 96550
1774004520035 1e-05 96600
1774004521782 1e-05 96650
1774004523505 1e-05 96700
1774004525236 1e-05 96750
1774004588440 1e-05 96800
1774004590957 1e-05 96850
1774004592677 1e-05 96900
1774004594396 1e-05 96950
1774004596139 1e-05 97000
1774004597877 1e-05 97050
1774004599607 1e-05 97100
1774004601336 1e-05 97150
1774004603089 1e-05 97200
1774004604806 1e-05 97250
1774004606507 1e-05 97300
1774004608208 1e-05 97350
1774004609947 1e-05 97400
1774004611716 1e-05 97450
1774004613508 1e-05 97500
1774004615320 1e-05 97550
1774004678595 1e-05 97600
1774004681040 1e-05 97650
1774004682874 1e-05 97700
1774004684614 1e-05 97750
1774004686372 1e-05 97800
1774004688131 1e-05 97850
1774004689896 1e-05 97900
1774004691652 1e-05 97950
1774004693467 1e-05 98000
1774004695357 1e-05 98050
1774004697087 1e-05 98100
1774004698889 1e-05 98150
1774004700657 1e-05 98200
1774004702433 1e-05 98250
1774004704126 1e-05 98300
1774004705896 1e-05 98350
1774004769240 1e-05 98400
1774004771837 1e-05 98450
1774004773585 1e-05 98500
1774004775351 1e-05 98550
1774004777067 1e-05 98600
1774004778872 1e-05 98650
1774004780584 1e-05 98700
1774004782336 1e-05 98750
1774004784106 1e-05 98800
1774004785859 1e-05 98850
1774004787685 1e-05 98900
1774004789439 1e-05 98950
1774004791211 1e-05 99000
1774004793021 1e-05 99050
1774004794716 1e-05 99100
1774004796448 1e-05 99150
1774004858757 1e-05 99200
1774004861215 1e-05 99250
1774004862993 1e-05 99300
1774004864773 1e-05 99350
1774004866489 1e-05 99400
1774004868264 1e-05 99450
1774004869959 1e-05 99500
1774004871715 1e-05 99550
1774004873458 1e-05 99600
1774004875183 1e-05 99650
1774004876931 1e-05 99700
1774004878702 1e-05 99750
1774004880449 1e-05 99800
1774004882204 1e-05 99850
1774004883960 1e-05 99900
1774004885748 1e-05 99950
1774004949119 1e-05 100000
1774004951735 1e-05 100050
1774004953517 1e-05 100100
1774004955319 1e-05 100150
1774004957081 1e-05 100200
1774004958889 1e-05 100250
1774004960645 1e-05 100300
1774004962344 1e-05 100350
1774004964120 1e-05 100400
1774004965869 1e-05 100450
1774004967601 1e-05 100500
1774004969364 1e-05 100550
1774004971126 1e-05 100600
1774004972907 1e-05 100650
1774004974667 1e-05 100700
1774004976407 1e-05 100750
1774005038860 1e-05 100800
1774005041391 1e-05 100850
1774005043188 1e-05 100900
1774005044986 1e-05 100950
1774005046881 1e-05 101000
1774005048675 1e-05 101050
1774005050394 1e-05 101100
1774005052104 1e-05 101150
1774005053868 1e-05 101200
1774005055671 1e-05 101250
1774005057429 1e-05 101300
1774005059223 1e-05 101350
1774005060987 1e-05 101400
1774005062732 1e-05 101450
1774005064477 1e-05 101500
1774005066273 1e-05 101550
1774005128675 1e-05 101600
1774005131197 1e-05 101650
1774005133027 1e-05 101700
1774005134741 1e-05 101750
1774005136499 1e-05 101800
1774005138244 1e-05 101850
1774005140010 1e-05 101900
1774005141837 1e-05 101950
1774005143589 1e-05 102000
1774005145269 1e-05 102050
1774005147005 1e-05 102100
1774005148808 1e-05 102150
1774005150542 1e-05 102200
1774005152288 1e-05 102250
1774005154035 1e-05 102300
1774005155822 1e-05 102350
1774005216549 1e-05 102400
1774005219056 1e-05 102450
1774005220824 1e-05 102500
1774005222542 1e-05 102550
1774005224343 1e-05 102600
1774005226208 1e-05 102650
1774005227963 1e-05 102700
1774005229728 1e-05 102750
1774005231554 1e-05 102800
1774005233374 1e-05 102850
1774005235145 1e-05 102900
1774005236989 1e-05 102950
1774005238784 1e-05 103000
1774005240538 1e-05 103050
1774005242368 1e-05 103100
1774005244107 1e-05 103150
1774005306585 1e-05 103200
1774005308973 1e-05 103250
1774005310702 1e-05 103300
1774005312493 1e-05 103350
1774005314228 1e-05 103400
1774005315978 1e-05 103450
1774005317782 1e-05 103500
1774005319517 1e-05 103550
1774005321317 1e-05 103600
1774005323099 1e-05 103650
1774005324875 1e-05 103700
1774005326645 1e-05 103750
1774005328389 1e-05 103800
1774005330152 1e-05 103850
1774005332009 1e-05 103900
1774005333803 1e-05 103950
1774005394642 1e-05 104000
1774005397171 1e-05 104050
1774005399014 1e-05 104100
1774005400757 1e-05 104150
1774005402468 1e-05 104200
1774005404241 1e-05 104250
1774005405955 1e-05 104300
1774005407769 1e-05 104350
1774005409467 1e-05 104400
1774005411211 1e-05 104450
1774005413003 1e-05 104500
1774005414739 1e-05 104550
1774005416451 1e-05 104600
1774005418213 1e-05 104650
1774005420012 1e-05 104700
1774005421775 1e-05 104750
1774005484203 1e-05 104800
1774005486812 1e-05 104850
1774005488576 1e-05 104900
1774005490361 1e-05 104950
1774005492139 1e-05 105000
1774005493918 1e-05 105050
1774005495684 1e-05 105100
1774005497464 1e-05 105150
1774005499261 1e-05 105200
1774005501002 1e-05 105250
1774005502751 1e-05 105300
1774005504552 1e-05 105350
1774005506290 1e-05 105400
1774005508147 1e-05 105450
1774005509928 1e-05 105500
1774005511703 1e-05 105550
1774005574194 1e-05 105600
1774005576717 1e-05 105650
1774005578470 1e-05 105700
1774005580213 1e-05 105750
1774005581978 1e-05 105800
1774005583743 1e-05 105850
1774005585555 1e-05 105900
1774005587261 1e-05 105950
1774005589029 1e-05 106000
1774005590815 1e-05 106050
1774005592710 1e-05 106100
1774005594536 1e-05 106150
1774005596283 1e-05 106200
1774005598089 1e-05 106250
1774005599856 1e-05 106300
1774005601633 1e-05 106350
1774005662378 1e-05 106400
1774005664866 1e-05 106450
1774005666652 1e-05 106500
1774005668401 1e-05 106550
1774005670155 1e-05 106600
1774005671942 1e-05 106650
1774005673729 1e-05 106700
1774005675496 1e-05 106750
1774005677243 1e-05 106800
1774005679050 1e-05 106850
1774005680798 1e-05 106900
1774005682568 1e-05 106950
1774005684351 1e-05 107000
1774005686094 1e-05 107050
1774005687843 1e-05 107100
1774005689561 1e-05 107150
1774005751830 1e-05 107200
1774005754286 1e-05 107250
1774005756053 1e-05 107300
1774005757844 1e-05 107350
1774005759558 1e-05 107400
1774005761319 1e-05 107450
1774005763090 1e-05 107500
1774005764823 1e-05 107550
1774005766626 1e-05 107600
1774005768373 1e-05 107650
1774005770166 1e-05 107700
1774005771940 1e-05 107750
1774005773748 1e-05 107800
1774005775516 1e-05 107850
1774005777213 1e-05 107900
1774005778995 1e-05 107950
1774005839911 1e-05 108000
1774005842480 1e-05 108050
1774005844226 1e-05 108100
1774005846071 1e-05 108150
1774005847822 1e-05 108200
1774005849561 1e-05 108250
1774005851341 1e-05 108300
1774005853107 1e-05 108350
1774005854879 1e-05 108400
1774005856651 1e-05 108450
1774005858410 1e-05 108500
1774005860182 1e-05 108550
1774005861954 1e-05 108600
1774005863729 1e-05 108650
1774005865513 1e-05 108700
1774005867245 1e-05 108750
1774005932888 1e-05 108800
1774005935373 1e-05 108850
1774005937118 1e-05 108900
1774005938910 1e-05 108950
1774005940827 1e-05 109000
1774005942607 1e-05 109050
1774005944352 1e-05 109100
1774005946069 1e-05 109150
1774005947853 1e-05 109200
1774005949624 1e-05 109250
1774005951379 1e-05 109300
1774005953148 1e-05 109350
1774005954914 1e-05 109400
1774005956642 1e-05 109450
1774005958458 1e-05 109500
1774005960238 1e-05 109550
1774006022716 1e-05 109600
1774006025228 1e-05 109650
1774006027095 1e-05 109700
1774006028848 1e-05 109750
1774006030587 1e-05 109800
1774006032330 1e-05 109850
1774006034147 1e-05 109900
1774006035934 1e-05 109950
1774006037763 1e-05 110000
1774006039476 1e-05 110050
1774006041311 1e-05 110100
1774006043073 1e-05 110150
1774006044806 1e-05 110200
1774006046600 1e-05 110250
1774006048380 1e-05 110300
1774006050164 1e-05 110350
1774006112584 1e-05 110400
1774006115109 1e-05 110450
1774006116917 1e-05 110500
1774006118728 1e-05 110550
1774006120530 1e-05 110600
1774006122282 1e-05 110650
1774006124086 1e-05 110700
1774006125876 1e-05 110750
1774006127616 1e-05 110800
1774006129410 1e-05 110850
1774006131187 1e-05 110900
1774006132983 1e-05 110950
1774006134688 1e-05 111000
1774006136430 1e-05 111050
1774006138204 1e-05 111100
1774006139994 1e-05 111150
1774006200838 1e-05 111200
1774006203317 1e-05 111250
1774006205063 1e-05 111300
1774006206905 1e-05 111350
1774006208648 1e-05 111400
1774006210469 1e-05 111450
1774006212256 1e-05 111500
1774006214008 1e-05 111550
1774006215786 1e-05 111600
1774006217542 1e-05 111650
1774006219352 1e-05 111700
1774006221218 1e-05 111750
1774006223014 1e-05 111800
1774006224762 1e-05 111850
1774006226533 1e-05 111900
1774006228327 1e-05 111950
1774006289163 1e-05 112000
1774006291705 1e-05 112050
1774006293457 1e-05 112100
1774006295235 1e-05 112150
1774006297013 1e-05 112200
1774006298744 1e-05 112250
1774006300556 1e-05 112300
1774006302298 1e-05 112350
1774006304088 1e-05 112400
1774006305898 1e-05 112450
1774006307645 1e-05 112500
1774006309407 1e-05 112550
1774006311160 1e-05 112600
1774006312999 1e-05 112650
1774006314795 1e-05 112700
1774006316669 1e-05 112750
1774006377528 1e-05 112800
1774006380081 1e-05 112850
1774006381830 1e-05 112900
1774006383609 1e-05 112950
1774006385361 1e-05 113000
1774006387134 1e-05 113050
1774006389004 1e-05 113100
1774006390750 1e-05 113150
1774006392504 1e-05 113200
1774006394268 1e-05 113250
1774006396059 1e-05 113300
1774006397815 1e-05 113350
1774006399563 1e-05 113400
1774006401453 1e-05 113450
1774006403249 1e-05 113500
1774006405061 1e-05 113550
1774006468401 1e-05 113600
1774006470992 1e-05 113650
1774006472765 1e-05 113700
1774006474567 1e-05 113750
1774006476330 1e-05 113800
1774006478150 1e-05 113850
1774006480020 1e-05 113900
1774006481835 1e-05 113950
1774006483596 1e-05 114000
1774006485361 1e-05 114050
1774006487134 1e-05 114100
1774006488955 1e-05 114150
1774006490729 1e-05 114200
1774006492458 1e-05 114250
1774006494200 1e-05 114300
1774006496007 1e-05 114350
1774006558525 1e-05 114400
1774006561082 1e-05 114450
1774006562933 1e-05 114500
1774006564690 1e-05 114550
1774006566482 1e-05 114600
1774006568248 1e-05 114650
1774006570043 1e-05 114700
1774006571805 1e-05 114750
1774006573580 1e-05 114800
1774006575332 1e-05 114850
1774006577100 1e-05 114900
1774006578888 1e-05 114950
1774006580632 1e-05 115000
1774006582415 1e-05 115050
1774006584137 1e-05 115100
1774006585873 1e-05 115150
1774006648388 1e-05 115200
1774006650944 1e-05 115250
1774006652737 1e-05 115300
1774006654470 1e-05 115350
1774006656276 1e-05 115400
1774006658191 1e-05 115450
1774006659949 1e-05 115500
1774006661720 1e-05 115550
1774006663482 1e-05 115600
1774006665211 1e-05 115650
1774006667011 1e-05 115700
1774006668822 1e-05 115750
1774006670577 1e-05 115800
1774006672350 1e-05 115850
1774006674093 1e-05 115900
1774006675898 1e-05 115950
1774006736790 1e-05 116000
1774006739404 1e-05 116050
1774006741225 1e-05 116100
1774006743005 1e-05 116150
1774006744727 1e-05 116200
1774006746557 1e-05 116250
1774006748332 1e-05 116300
1774006750171 1e-05 116350
1774006751929 1e-05 116400
1774006753702 1e-05 116450
1774006755579 1e-05 116500
1774006757314 1e-05 116550
1774006759101 1e-05 116600
1774006760855 1e-05 116650
1774006762572 1e-05 116700
1774006764334 1e-05 116750
1774006826785 1e-05 116800
1774006829381 1e-05 116850
1774006831146 1e-05 116900
1774006832895 1e-05 116950
1774006834644 1e-05 117000
1774006836428 1e-05 117050
1774006838245 1e-05 117100
1774006840099 1e-05 117150
1774006841846 1e-05 117200
1774006843616 1e-05 117250
1774006845403 1e-05 117300
1774006847139 1e-05 117350
1774006848937 1e-05 117400
1774006850729 1e-05 117450
1774006852569 1e-05 117500
1774006854359 1e-05 117550
1774006916935 1e-05 117600
1774006919488 1e-05 117650
1774006921288 1e-05 117700
1774006923088 1e-05 117750
1774006924912 1e-05 117800
1774006926750 1e-05 117850
1774006928555 1e-05 117900
1774006930415 1e-05 117950
1774006932177 1e-05 118000
1774006934042 1e-05 118050
1774006935831 1e-05 118100
1774006937605 1e-05 118150
1774006939385 1e-05 118200
1774006941160 1e-05 118250
1774006942937 1e-05 118300
1774006944689 1e-05 118350
1774007005533 1e-05 118400
1774007008095 1e-05 118450
1774007009876 1e-05 118500
1774007011576 1e-05 118550
1774007013360 1e-05 118600
1774007015143 1e-05 118650
1774007017015 1e-05 118700
1774007018804 1e-05 118750
1774007020554 1e-05 118800
1774007022333 1e-05 118850
1774007024099 1e-05 118900
1774007025909 1e-05 118950
1774007027687 1e-05 119000
1774007029465 1e-05 119050
1774007031254 1e-05 119100
1774007033066 1e-05 119150
1774007094100 1e-05 119200
1774007096677 1e-05 119250
1774007098428 1e-05 119300
1774007100153 1e-05 119350
1774007101921 1e-05 119400
1774007103715 1e-05 119450
1774007105577 1e-05 119500
1774007107424 1e-05 119550
1774007109212 1e-05 119600
1774007111039 1e-05 119650
1774007112770 1e-05 119700
1774007114546 1e-05 119750
1774007116331 1e-05 119800
1774007118067 1e-05 119850
1774007119837 1e-05 119900
1774007121678 1e-05 119950
1774007183627 1e-05 120000
1774007186291 1e-05 120050
1774007188312 1e-05 120100
1774007190230 1e-05 120150
1774007192240 1e-05 120200
1774007194088 1e-05 120250
1774007195994 1e-05 120300
1774007197867 1e-05 120350
1774007199790 1e-05 120400
1774007201609 1e-05 120450
1774007203450 1e-05 120500
1774007205260 1e-05 120550
1774007207030 1e-05 120600
1774007208781 1e-05 120650
1774007210546 1e-05 120700
1774007212385 1e-05 120750
1774007274811 1e-05 120800
1774007277365 1e-05 120850
1774007279299 1e-05 120900
1774007281178 1e-05 120950
1774007282954 1e-05 121000
1774007284743 1e-05 121050
1774007286527 1e-05 121100
1774007288371 1e-05 121150
1774007290169 1e-05 121200
1774007292003 1e-05 121250
1774007293779 1e-05 121300
1774007295569 1e-05 121350
1774007297400 1e-05 121400
1774007299226 1e-05 121450
1774007301052 1e-05 121500
1774007302831 1e-05 121550
1774007365455 1e-05 121600
1774007368013 1e-05 121650
1774007369769 1e-05 121700
1774007371603 1e-05 121750
1774007373435 1e-05 121800
1774007375239 1e-05 121850
1774007377057 1e-05 121900
1774007378780 1e-05 121950
1774007380591 1e-05 122000
1774007382364 1e-05 122050
1774007384204 1e-05 122100
1774007386034 1e-05 122150
1774007387866 1e-05 122200
1774007389667 1e-05 122250
1774007391442 1e-05 122300
1774007393292 1e-05 122350
1774007460597 1e-05 122400
1774007463129 1e-05 122450
1774007464947 1e-05 122500
1774007466813 1e-05 122550
1774007468652 1e-05 122600
1774007470461 1e-05 122650
1774007472331 1e-05 122700
1774007474262 1e-05 122750
1774007476082 1e-05 122800
1774007477964 1e-05 122850
1774007479925 1e-05 122900
1774007481766 1e-05 122950
1774007483652 1e-05 123000
1774007485625 1e-05 123050
1774007487512 1e-05 123100
1774007489366 1e-05 123150
1774007561602 1e-05 123200
1774007564396 1e-05 123250
1774007566215 1e-05 123300
1774007568109 1e-05 123350
1774007570014 1e-05 123400
1774007571890 1e-05 123450
1774007573688 1e-05 123500
1774007575572 1e-05 123550
1774007577434 1e-05 123600
1774007579324 1e-05 123650
1774007581190 1e-05 123700
1774007583075 1e-05 123750
1774007584926 1e-05 123800
1774007586796 1e-05 123850
1774007588673 1e-05 123900
1774007590652 1e-05 123950
1774007659656 1e-05 124000
1774007662286 1e-05 124050
1774007664178 1e-05 124100
1774007666035 1e-05 124150
1774007667879 1e-05 124200
1774007669740 1e-05 124250
1774007671667 1e-05 124300
1774007673501 1e-05 124350
1774007675381 1e-05 124400
1774007677273 1e-05 124450
1774007679157 1e-05 124500
1774007681058 1e-05 124550
1774007682918 1e-05 124600
1774007684874 1e-05 124650
1774007686699 1e-05 124700
1774007688546 1e-05 124750
1774007755943 1e-05 124800
1774007758621 1e-05 124850
1774007760437 1e-05 124900
1774007762301 1e-05 124950
1774007764193 1e-05 125000
1774007766022 1e-05 125050
1774007767837 1e-05 125100
1774007769726 1e-05 125150
1774007771586 1e-05 125200
1774007773472 1e-05 125250
1774007775309 1e-05 125300
1774007777211 1e-05 125350
1774007779086 1e-05 125400
1774007780982 1e-05 125450
1774007782836 1e-05 125500
1774007784708 1e-05 125550
1774007853679 1e-05 125600
1774007856436 1e-05 125650
1774007858292 1e-05 125700
1774007860135 1e-05 125750
1774007861969 1e-05 125800
1774007863864 1e-05 125850
1774007865745 1e-05 125900
1774007867579 1e-05 125950
1774007869428 1e-05 126000
1774007871318 1e-05 126050
1774007873186 1e-05 126100
1774007875090 1e-05 126150
1774007876888 1e-05 126200
1774007878741 1e-05 126250
1774007880588 1e-05 126300
1774007882475 1e-05 126350
1774007951635 1e-05 126400
1774007954420 1e-05 126450
1774007956312 1e-05 126500
1774007958166 1e-05 126550
1774007959999 1e-05 126600
1774007961921 1e-05 126650
1774007963852 1e-05 126700
1774007965773 1e-05 126750
1774007967571 1e-05 126800
1774007969473 1e-05 126850
1774007971277 1e-05 126900
1774007973175 1e-05 126950
1774007975058 1e-05 127000
1774007976929 1e-05 127050
1774007978835 1e-05 127100
1774007980672 1e-05 127150
1774008048147 1e-05 127200
1774008050711 1e-05 127250
1774008052529 1e-05 127300
1774008054373 1e-05 127350
1774008056254 1e-05 127400
1774008058234 1e-05 127450
1774008060084 1e-05 127500
1774008061927 1e-05 127550
1774008063841 1e-05 127600
1774008065646 1e-05 127650
1774008067547 1e-05 127700
1774008069396 1e-05 127750
1774008071234 1e-05 127800
1774008073089 1e-05 127850
1774008074980 1e-05 127900
1774008076837 1e-05 127950
1774008144148 1e-05 128000
1774008146751 1e-05 128050
1774008148638 1e-05 128100
1774008150602 1e-05 128150
1774008152504 1e-05 128200
1774008154341 1e-05 128250
1774008156260 1e-05 128300
1774008158114 1e-05 128350
1774008159985 1e-05 128400
1774008161805 1e-05 128450
1774008163657 1e-05 128500
1774008165531 1e-05 128550
1774008167374 1e-05 128600
1774008169238 1e-05 128650
1774008171087 1e-05 128700
1774008172940 1e-05 128750
1774008242805 1e-05 128800
1774008245518 1e-05 128850
1774008247424 1e-05 128900
1774008249312 1e-05 128950
1774008251153 1e-05 129000
1774008253105 1e-05 129050
1774008254986 1e-05 129100
1774008256822 1e-05 129150
1774008258701 1e-05 129200
1774008260546 1e-05 129250
1774008262452 1e-05 129300
1774008264389 1e-05 129350
1774008266207 1e-05 129400
1774008268125 1e-05 129450
1774008269979 1e-05 129500
1774008271883 1e-05 129550
1774008340999 1e-05 129600
1774008343713 1e-05 129650
1774008345651 1e-05 129700
1774008347493 1e-05 129750
1774008349346 1e-05 129800
1774008351265 1e-05 129850
1774008353101 1e-05 129900
1774008354968 1e-05 129950
1774008357000 1e-05 130000
1774008358854 1e-05 130050
1774008360707 1e-05 130100
1774008362563 1e-05 130150
1774008364434 1e-05 130200
1774008366338 1e-05 130250
1774008368249 1e-05 130300
1774008370135 1e-05 130350
1774008437487 1e-05 130400
1774008440180 1e-05 130450
1774008442064 1e-05 130500
1774008443899 1e-05 130550
1774008445735 1e-05 130600
1774008447589 1e-05 130650
1774008449465 1e-05 130700
1774008451339 1e-05 130750
1774008453279 1e-05 130800
1774008455181 1e-05 130850
1774008457037 1e-05 130900
1774008458885 1e-05 130950
1774008460793 1e-05 131000
1774008462847 1e-05 131050
1774008464709 1e-05 131100
1774008466568 1e-05 131150
1774008535701 1e-05 131200
1774008538527 1e-05 131250
1774008540520 1e-05 131300
1774008542519 1e-05 131350
1774008544405 1e-05 131400
1774008546321 1e-05 131450
1774008548331 1e-05 131500
1774008550374 1e-05 131550
1774008552681 1e-05 131600
1774008554631 1e-05 131650
1774008556567 1e-05 131700
1774008558653 1e-05 131750
1774008560500 1e-05 131800
1774008562423 1e-05 131850
1774008564367 1e-05 131900
1774008566301 1e-05 131950
1774008638898 1e-05 132000
1774008641651 1e-05 132050
1774008643587 1e-05 132100
1774008645498 1e-05 132150
1774008647441 1e-05 132200
1774008649350 1e-05 132250
1774008651218 1e-05 132300
1774008653060 1e-05 132350
1774008654972 1e-05 132400
1774008656891 1e-05 132450
1774008658775 1e-05 132500
1774008660648 1e-05 132550
1774008662561 1e-05 132600
1774008664380 1e-05 132650
1774008666253 1e-05 132700
1774008668184 1e-05 132750
1774008735421 1e-05 132800
1774008738175 1e-05 132850
1774008740110 1e-05 132900
1774008742020 1e-05 132950
1774008743889 1e-05 133000
1774008745926 1e-05 133050
1774008747787 1e-05 133100
1774008749741 1e-05 133150
1774008751635 1e-05 133200
1774008753509 1e-05 133250
1774008755339 1e-05 133300
1774008757270 1e-05 133350
1774008759187 1e-05 133400
1774008761044 1e-05 133450
1774008762892 1e-05 133500
1774008764813 1e-05 133550
1774008835007 1e-05 133600
1774008837693 1e-05 133650
1774008839590 1e-05 133700
1774008841525 1e-05 133750
1774008843526 1e-05 133800
1774008845355 1e-05 133850
1774008847215 1e-05 133900
1774008849076 1e-05 133950
1774008851007 1e-05 134000
1774008852905 1e-05 134050
1774008854920 1e-05 134100
1774008856796 1e-05 134150
1774008858705 1e-05 134200
1774008860585 1e-05 134250
1774008862467 1e-05 134300
1774008864339 1e-05 134350
1774008933497 1e-05 134400
1774008936261 1e-05 134450
1774008938213 1e-05 134500
1774008940120 1e-05 134550
1774008942032 1e-05 134600
1774008943937 1e-05 134650
1774008945882 1e-05 134700
1774008947829 1e-05 134750
1774008949757 1e-05 134800
1774008951693 1e-05 134850
1774008953636 1e-05 134900
1774008955520 1e-05 134950
1774008957605 1e-05 135000
1774008959504 1e-05 135050
1774008961317 1e-05 135100
1774008963206 1e-05 135150
1774009030933 1e-05 135200
1774009033583 1e-05 135250
1774009035496 1e-05 135300
1774009037393 1e-05 135350
1774009039328 1e-05 135400
1774009041202 1e-05 135450
1774009043124 1e-05 135500
1774009045000 1e-05 135550
1774009046905 1e-05 135600
1774009048809 1e-05 135650
1774009050693 1e-05 135700
1774009052615 1e-05 135750
1774009054537 1e-05 135800
1774009056546 1e-05 135850
1774009058428 1e-05 135900
1774009060365 1e-05 135950
1774009127897 1e-05 136000
1774009130613 1e-05 136050
1774009132555 1e-05 136100
1774009134484 1e-05 136150
1774009136457 1e-05 136200
1774009138445 1e-05 136250
1774009140381 1e-05 136300
1774009142318 1e-05 136350
1774009144246 1e-05 136400
1774009146233 1e-05 136450
1774009148086 1e-05 136500
1774009150032 1e-05 136550
1774009152044 1e-05 136600
1774009154050 1e-05 136650
1774009155962 1e-05 136700
1774009157856 1e-05 136750
1774009225523 1e-05 136800
1774009228211 1e-05 136850
1774009230097 1e-05 136900
1774009232015 1e-05 136950
1774009233996 1e-05 137000
1774009235914 1e-05 137050
1774009237789 1e-05 137100
1774009239704 1e-05 137150
1774009241597 1e-05 137200
1774009243462 1e-05 137250
1774009245422 1e-05 137300
1774009247292 1e-05 137350
1774009249214 1e-05 137400
1774009251089 1e-05 137450
1774009253053 1e-05 137500
1774009255094 1e-05 137550
1774009322623 1e-05 137600
1774009325308 1e-05 137650
1774009327272 1e-05 137700
1774009329158 1e-05 137750
1774009331075 1e-05 137800
1774009332961 1e-05 137850
1774009334908 1e-05 137900
1774009336782 1e-05 137950
1774009338665 1e-05 138000
1774009340569 1e-05 138050
1774009342495 1e-05 138100
1774009344392 1e-05 138150
1774009346325 1e-05 138200
1774009348220 1e-05 138250
1774009350092 1e-05 138300
1774009351995 1e-05 138350
1774009421297 1e-05 138400
1774009423955 1e-05 138450
1774009425885 1e-05 138500
1774009427779 1e-05 138550
1774009429706 1e-05 138600
1774009431605 1e-05 138650
1774009433648 1e-05 138700
1774009435567 1e-05 138750
1774009437508 1e-05 138800
1774009439422 1e-05 138850
1774009441317 1e-05 138900
1774009443249 1e-05 138950
1774009445196 1e-05 139000
1774009447087 1e-05 139050
1774009449000 1e-05 139100
1774009450961 1e-05 139150
1774009518638 1e-05 139200
1774009521364 1e-05 139250
1774009523352 1e-05 139300
1774009525236 1e-05 139350
1774009527168 1e-05 139400
1774009529023 1e-05 139450
1774009530967 1e-05 139500
1774009532866 1e-05 139550
1774009534788 1e-05 139600
1774009536657 1e-05 139650
1774009538592 1e-05 139700
1774009540647 1e-05 139750
1774009542551 1e-05 139800
1774009544462 1e-05 139850
1774009546407 1e-05 139900
1774009548315 1e-05 139950
1774009615824 1e-05 140000
1774009618462 1e-05 140050
1774009620463 1e-05 140100
1774009622344 1e-05 140150
1774009624323 1e-05 140200
1774009626241 1e-05 140250
1774009628118 1e-05 140300
1774009630006 1e-05 140350
1774009632081 1e-05 140400
1774009634039 1e-05 140450
1774009635913 1e-05 140500
1774009637830 1e-05 140550
1774009639760 1e-05 140600
1774009641673 1e-05 140650
1774009643614 1e-05 140700
1774009645569 1e-05 140750
1774009715750 1e-05 140800
1774009718375 1e-05 140850
1774009720355 1e-05 140900
1774009722264 1e-05 140950
1774009724233 1e-05 141000
1774009726110 1e-05 141050
1774009728003 1e-05 141100
1774009729927 1e-05 141150
1774009731849 1e-05 141200
1774009733868 1e-05 141250
1774009735786 1e-05 141300
1774009737749 1e-05 141350
1774009739691 1e-05 141400
1774009741544 1e-05 141450
1774009743441 1e-05 141500
1774009745428 1e-05 141550
1774009815758 1e-05 141600
1774009818606 1e-05 141650
1774009820551 1e-05 141700
1774009822450 1e-05 141750
1774009824337 1e-05 141800
1774009826311 1e-05 141850
1774009828262 1e-05 141900
1774009830164 1e-05 141950
1774009832233 1e-05 142000
1774009834175 1e-05 142050
1774009836131 1e-05 142100
1774009838087 1e-05 142150
1774009840149 1e-05 142200
1774009842032 1e-05 142250
1774009844028 1e-05 142300
1774009845940 1e-05 142350
1774009913643 1e-05 142400
1774009916376 1e-05 142450
1774009918365 1e-05 142500
1774009920263 1e-05 142550
1774009922242 1e-05 142600
1774009924138 1e-05 142650
1774009926053 1e-05 142700
1774009927958 1e-05 142750
1774009929898 1e-05 142800
1774009931822 1e-05 142850
1774009933763 1e-05 142900
1774009935807 1e-05 142950
1774009937748 1e-05 143000
1774009939646 1e-05 143050
1774009941525 1e-05 143100
1774009943433 1e-05 143150
1774010011082 1e-05 143200
1774010013925 1e-05 143250
1774010015822 1e-05 143300
1774010017736 1e-05 143350
1774010019798 1e-05 143400
1774010021695 1e-05 143450
1774010023573 1e-05 143500
1774010025487 1e-05 143550
1774010027437 1e-05 143600
1774010029345 1e-05 143650
1774010031255 1e-05 143700
1774010033172 1e-05 143750
1774010035097 1e-05 143800
1774010037064 1e-05 143850
1774010038913 1e-05 143900
1774010040902 1e-05 143950
1774010110360 1e-05 144000
1774010113044 1e-05 144050
1774010114994 1e-05 144100
1774010117001 1e-05 144150
1774010119002 1e-05 144200
1774010120940 1e-05 144250
1774010122830 1e-05 144300
1774010124800 1e-05 144350
1774010126836 1e-05 144400
1774010128795 1e-05 144450
1774010130702 1e-05 144500
1774010132623 1e-05 144550
1774010134634 1e-05 144600
1774010136534 1e-05 144650
1774010138398 1e-05 144700
1774010140387 1e-05 144750
1774010212893 1e-05 144800
1774010215636 1e-05 144850
1774010217696 1e-05 144900
1774010219531 1e-05 144950
1774010221468 1e-05 145000
1774010223359 1e-05 145050
1774010225253 1e-05 145100
1774010227156 1e-05 145150
1774010229129 1e-05 145200
1774010231016 1e-05 145250
1774010232984 1e-05 145300
1774010234897 1e-05 145350
1774010236847 1e-05 145400
1774010238769 1e-05 145450
1774010240676 1e-05 145500
1774010242661 1e-05 145550
1774010310249 1e-05 145600
1774010313093 1e-05 145650
1774010315011 1e-05 145700
1774010316877 1e-05 145750
1774010318792 1e-05 145800
1774010320708 1e-05 145850
1774010322599 1e-05 145900
1774010324535 1e-05 145950
1774010326455 1e-05 146000
1774010328457 1e-05 146050
1774010330400 1e-05 146100
1774010332340 1e-05 146150
1774010334286 1e-05 146200
1774010336153 1e-05 146250
1774010338058 1e-05 146300
1774010340004 1e-05 146350
1774010407629 1e-05 146400
1774010410440 1e-05 146450
1774010412513 1e-05 146500
1774010414411 1e-05 146550
1774010416346 1e-05 146600
1774010418257 1e-05 146650
1774010420209 1e-05 146700
1774010422173 1e-05 146750
1774010424125 1e-05 146800
1774010426100 1e-05 146850
1774010428059 1e-05 146900
1774010430014 1e-05 146950
1774010431937 1e-05 147000
1774010433897 1e-05 147050
1774010435837 1e-05 147100
1774010437806 1e-05 147150
1774010509741 1e-05 147200
1774010512556 1e-05 147250
1774010514454 1e-05 147300
1774010516412 1e-05 147350
1774010518374 1e-05 147400
1774010520314 1e-05 147450
1774010522404 1e-05 147500
1774010524415 1e-05 147550
1774010526350 1e-05 147600
1774010528498 1e-05 147650
1774010530545 1e-05 147700
1774010532482 1e-05 147750
1774010534460 1e-05 147800
1774010536429 1e-05 147850
1774010538445 1e-05 147900
1774010540481 1e-05 147950
1774010611633 1e-05 148000
1774010614406 1e-05 148050
1774010616447 1e-05 148100
1774010618536 1e-05 148150
1774010620519 1e-05 148200
1774010622477 1e-05 148250
1774010624519 1e-05 148300
1774010626476 1e-05 148350
1774010628477 1e-05 148400
1774010630552 1e-05 148450
1774010632586 1e-05 148500
1774010634579 1e-05 148550
1774010636570 1e-05 148600
1774010638557 1e-05 148650
1774010640503 1e-05 148700
1774010642416 1e-05 148750
1774010713728 1e-05 148800
1774010716613 1e-05 148850
1774010718619 1e-05 148900
1774010720584 1e-05 148950
1774010722539 1e-05 149000
1774010724573 1e-05 149050
1774010726639 1e-05 149100
1774010728774 1e-05 149150
1774010730797 1e-05 149200
1774010732843 1e-05 149250
1774010734896 1e-05 149300
1774010736937 1e-05 149350
1774010738897 1e-05 149400
1774010740921 1e-05 149450
1774010742917 1e-05 149500
1774010744847 1e-05 149550
1774010819365 1e-05 149600
1774010822262 1e-05 149650
1774010824282 1e-05 149700
1774010826312 1e-05 149750
1774010828366 1e-05 149800
1774010830355 1e-05 149850
1774010832340 1e-05 149900
1774010834415 1e-05 149950
1774010836466 1e-05 150000
1774010838501 1e-05 150050
1774010840420 1e-05 150100
1774010842446 1e-05 150150
1774010844319 1e-05 150200
1774010846249 1e-05 150250
1774010848244 1e-05 150300
1774010850297 1e-05 150350
1773993487128 1e-05 0
