1773993487161 139964.53125 0
1773993489915 165796.5 50
1773993492469 109175.6015625 100
1773993495361 297187.3125 150
1773993497773 161666.84375 200
1773993499889 324306.53125 250
1773993502113 316836.09375 300
1773993504275 293846.34375 350
1773993506284 380148.46875 400
1773993508338 248400.59375 450
1773993510365 321156.4375 500
1773993512317 337724.0625 550
1773993514087 544361.375 600
1773993515755 186113.859375 650
1773993517633 200001.765625 700
1773993519529 254196.46875 750
1773993603793 185114.984375 800
1773993605777 231478.3125 850
1773993607611 171047.734375 900
1773993609415 212079.5625 950
1773993611210 73646.8125 1000
1773993612959 256695.21875 1050
1773993614657 555205.0 1100
1773993616419 337961.25 1150
1773993618138 108959.21875 1200
1773993620242 419634.90625 1250
1773993621910 291686.46875 1300
1773993623634 162984.875 1350
1773993625298 115842.875 1400
1773993626926 181464.375 1450
1773993628558 156688.140625 1500
1773993630222 272060.03125 1550
1773993700089 316989.25 1600
1773993701944 339074.0625 1650
1773993703596 64179.43359375 1700
1773993705324 241851.71875 1750
1773993707248 286461.5 1800
1773993708957 234569.546875 1850
1773993710608 277963.4375 1900
1773993712249 169791.59375 1950
1773993713905 293607.375 2000
1773993715521 215223.953125 2050
1773993717166 507893.90625 2100
1773993718820 276649.625 2150
1773993720503 53455.40625 2200
1773993722104 191269.9375 2250
1773993723713 259424.859375 2300
1773993725396 276696.96875 2350
1773993794732 259983.203125 2400
1773993796505 123752.609375 2450
1773993798130 373951.375 2500
1773993799775 75617.9140625 2550
1773993801418 138689.359375 2600
1773993803060 347231.03125 2650
1773993804675 332850.4375 2700
1773993806296 142507.40625 2750
1773993807895 156049.296875 2800
1773993809545 96833.59375 2850
1773993811167 187708.84375 2900
1773993812768 227142.515625 2950
1773993814466 315888.6875 3000
1773993816068 194544.84375 3050
1773993817731 245762.53125 3100
1773993819356 182612.71875 3150
1773993891933 238550.890625 3200
1773993893753 194029.734375 3250
1773993895435 263127.1875 3300
1773993897072 289231.15625 3350
1773993898731 322244.9375 3400
1773993900352 392316.53125 3450
1773993901959 256263.328125 3500
1773993903590 293249.3125 3550
1773993905275 195517.5 3600
1773993906969 82162.375 3650
1773993908554 349602.4375 3700
1773993910156 259216.296875 3750
1773993911808 189228.4375 3800
1773993913408 118692.765625 3850
1773993915021 474788.625 3900
1773993916660 208052.453125 3950
1773993984369 583000.4375 4000
1773993986198 82963.46875 4050
1773993987805 272509.53125 4100
1773993989478 151264.78125 4150
1773993991123 436594.5 4200
1773993992815 167121.1875 4250
1773993994398 270914.71875 4300
1773993996059 66071.25 4350
1773993997670 469191.4375 4400
1773993999279 160635.28125 4450
1773994000835 251677.78125 4500
1773994002535 192426.734375 4550
1773994004130 246378.6875 4600
1773994005742 176540.09375 4650
1773994007445 274911.71875 4700
1773994009101 411558.3125 4750
1773994078213 513473.75 4800
1773994079988 156120.21875 4850
1773994081623 294654.1875 4900
1773994083240 194658.34375 4950
1773994084880 282652.6875 5000
1773994086580 322909.25 5050
1773994088185 260166.09375 5100
1773994089782 65407.7265625 5150
1773994091476 281760.15625 5200
1773994093080 281121.125 5250
1773994094722 476380.625 5300
1773994096356 156076.3125 5350
1773994097991 210163.984375 5400
1773994099574 248642.734375 5450
1773994101198 238712.3125 5500
1773994102783 222079.125 5550
1773994175224 226520.828125 5600
1773994176999 73496.953125 5650
1773994178640 251383.109375 5700
1773994180249 75876.71875 5750
1773994181860 124464.6171875 5800
1773994183448 425530.34375 5850
1773994185031 206230.375 5900
1773994186743 245623.828125 5950
1773994188410 131255.859375 6000
1773994190001 274840.84375 6050
1773994191633 466640.65625 6100
1773994193290 322189.75 6150
1773994194920 157590.71875 6200
1773994196631 169802.484375 6250
1773994198332 262194.4375 6300
1773994199974 206089.90625 6350
1773994269130 350120.8125 6400
1773994270930 235194.078125 6450
1773994272597 317227.46875 6500
1773994274234 244459.46875 6550
1773994275859 426344.59375 6600
1773994277471 227843.875 6650
1773994279077 187675.0625 6700
1773994280712 208763.1875 6750
1773994282321 274267.9375 6800
1773994283977 149879.140625 6850
1773994285653 115725.9609375 6900
1773994287276 316841.5625 6950
1773994288931 42566.5546875 7000
1773994290578 94242.015625 7050
1773994292196 222452.046875 7100
1773994293825 302469.5 7150
1773994363251 489854.4375 7200
1773994365101 221887.4375 7250
1773994366718 251320.5625 7300
1773994368380 396472.125 7350
1773994369976 451304.1875 7400
1773994371549 507136.0 7450
1773994373126 581653.625 7500
1773994374751 269956.25 7550
1773994376353 122708.6796875 7600
1773994378049 201105.65625 7650
1773994379655 230900.34375 7700
1773994381249 122835.40625 7750
1773994382826 292003.375 7800
1773994384485 255422.078125 7850
1773994386153 93614.984375 7900
1773994387811 234057.59375 7950
1773994455413 190803.984375 8000
1773994457327 163200.25 8050
1773994458989 151108.71875 8100
1773994460585 259201.859375 8150
1773994462188 328086.40625 8200
1773994463754 260177.375 8250
1773994465413 350649.25 8300
1773994467042 239724.5 8350
1773994468633 250375.4375 8400
1773994470346 127453.828125 8450
1773994471975 264726.9375 8500
1773994473658 359947.78125 8550
1773994475286 237235.859375 8600
1773994476994 357146.8125 8650
1773994478556 278349.5 8700
1773994480182 126767.84375 8750
1773994543680 121485.59375 8800
1773994545446 248218.90625 8850
1773994547040 465076.90625 8900
1773994548615 567693.875 8950
1773994550160 155618.78125 9000
1773994551773 202669.90625 9050
1773994553343 337170.53125 9100
1773994554931 161731.03125 9150
1773994556501 265815.3125 9200
1773994558080 323879.125 9250
1773994559663 297975.21875 9300
1773994561243 249971.15625 9350
1773994562758 383137.59375 9400
1773994564313 400220.34375 9450
1773994565857 392252.875 9500
1773994567438 147421.046875 9550
1773994631547 193782.75 9600
1773994633274 298521.0 9650
1773994634843 70288.2890625 9700
1773994636462 326848.65625 9750
1773994638118 204756.03125 9800
1773994639664 546801.375 9850
1773994641218 348981.65625 9900
1773994642817 169030.5625 9950
1773994644379 189407.34375 10000
1773994645934 94689.109375 10050
1773994647517 143738.53125 10100
1773994649056 192239.0 10150
1773994650615 113759.578125 10200
1773994652221 250846.75 10250
1773994653808 292089.40625 10300
1773994655373 108803.78125 10350
1773994718083 166544.25 10400
1773994719901 183243.46875 10450
1773994721446 193171.75 10500
1773994723023 249190.015625 10550
1773994724585 167876.359375 10600
1773994726188 295389.125 10650
1773994727791 126430.859375 10700
1773994729428 214443.1875 10750
1773994730992 185504.5 10800
1773994732610 216001.765625 10850
1773994734168 224475.75 10900
1773994735765 215471.265625 10950
1773994737286 255721.15625 11000
1773994738906 163875.953125 11050
1773994740468 507694.65625 11100
1773994742072 448249.75 11150
1773994804754 153828.6875 11200
1773994806534 109330.3046875 11250
1773994808116 138969.78125 11300
1773994809707 618107.125 11350
1773994811352 143288.46875 11400
1773994812933 189293.71875 11450
1773994814552 389718.75 11500
1773994816176 334128.6875 11550
1773994817784 93702.171875 11600
1773994819320 141662.75 11650
1773994820910 256655.765625 11700
1773994822539 396047.6875 11750
1773994824180 117084.640625 11800
1773994825809 49846.46484375 11850
1773994827433 201666.75 11900
1773994829011 341997.90625 11950
1773994892584 291428.1875 12000
1773994894310 172229.125 12050
1773994895904 265770.1875 12100
1773994897476 76770.453125 12150
1773994899045 216050.484375 12200
1773994900627 628977.0 12250
1773994902273 132966.640625 12300
1773994903855 179684.3125 12350
1773994905389 224317.796875 12400
1773994907018 196683.859375 12450
1773994908648 416339.4375 12500
1773994910298 153068.953125 12550
1773994911881 303081.375 12600
1773994913481 252032.84375 12650
1773994915072 354897.46875 12700
1773994916631 138982.265625 12750
1773994979281 296760.96875 12800
1773994981088 134116.5 12850
1773994982657 370944.84375 12900
1773994984263 114255.15625 12950
1773994985899 491267.375 13000
1773994987516 298456.6875 13050
1773994989103 110186.640625 13100
1773994990706 194501.640625 13150
1773994992444 481270.90625 13200
1773994994195 339480.125 13250
1773994995893 177138.515625 13300
1773994997543 353666.125 13350
1773994999178 437189.21875 13400
1773995000846 161137.59375 13450
1773995002400 526662.75 13500
1773995004029 189558.109375 13550
1773995065194 136700.375 13600
1773995066986 240184.78125 13650
1773995068624 386143.125 13700
1773995070178 235659.53125 13750
1773995071753 236784.84375 13800
1773995073335 358671.0 13850
1773995074913 296034.46875 13900
1773995076471 114079.96875 13950
1773995078059 294412.6875 14000
1773995079712 181122.75 14050
1773995081296 274303.84375 14100
1773995083014 80174.140625 14150
1773995084638 223763.1875 14200
1773995086210 343648.40625 14250
1773995087817 236002.71875 14300
1773995089387 166614.90625 14350
1773995155441 171392.34375 14400
1773995157274 550928.75 14450
1773995158866 329961.5625 14500
1773995160423 561908.375 14550
1773995162084 203659.546875 14600
1773995163684 313294.28125 14650
1773995165254 194023.40625 14700
1773995166850 268429.3125 14750
1773995168476 335991.125 14800
1773995170069 155756.5625 14850
1773995171642 557135.0625 14900
1773995173245 367647.78125 14950
1773995174908 419947.34375 15000
1773995176477 120821.8125 15050
1773995178094 200544.65625 15100
1773995179658 225850.0625 15150
1773995245582 161265.3125 15200
1773995247352 224238.28125 15250
1773995248985 74663.921875 15300
1773995250508 217923.8125 15350
1773995252156 81204.0078125 15400
1773995253723 245212.28125 15450
1773995255273 193181.953125 15500
1773995256854 309297.3125 15550
1773995258502 299329.5 15600
1773995260084 481495.96875 15650
1773995261678 362094.3125 15700
1773995263269 95844.3984375 15750
1773995264810 181147.28125 15800
1773995266344 419834.1875 15850
1773995267930 194934.015625 15900
1773995269536 180625.109375 15950
1773995332229 372882.65625 16000
1773995334014 374971.1875 16050
1773995335619 191223.34375 16100
1773995337191 207771.53125 16150
1773995338728 221293.796875 16200
1773995340375 155751.0625 16250
1773995341979 294503.125 16300
1773995343551 133319.59375 16350
1773995345195 269352.09375 16400
1773995346770 116858.5 16450
1773995348428 275609.65625 16500
1773995350058 145787.125 16550
1773995351642 248593.859375 16600
1773995353171 291505.5625 16650
1773995354769 143507.203125 16700
1773995356283 236332.65625 16750
1773995418966 261045.96875 16800
1773995420709 387149.5 16850
1773995422367 318041.71875 16900
1773995423980 437090.03125 16950
1773995425568 200336.640625 17000
1773995427253 512972.0625 17050
1773995428844 181374.28125 17100
1773995430528 275613.46875 17150
1773995432132 198238.25 17200
1773995433711 92891.4140625 17250
1773995435311 214520.125 17300
1773995436939 349364.9375 17350
1773995438485 338180.25 17400
1773995440032 513271.96875 17450
1773995441642 143077.71875 17500
1773995443237 272121.9375 17550
1773995504300 144948.46875 17600
1773995506128 281327.25 17650
1773995507675 255665.0 17700
1773995509257 283109.34375 17750
1773995510893 148092.625 17800
1773995512539 306481.90625 17850
1773995514160 222363.921875 17900
1773995515804 480066.625 17950
1773995517434 420127.65625 18000
1773995518958 290913.1875 18050
1773995520587 219150.578125 18100
1773995522185 289045.9375 18150
1773995523821 195484.53125 18200
1773995525358 202696.0625 18250
1773995526966 303511.0 18300
1773995528591 194092.921875 18350
1773995591322 337485.0625 18400
1773995593083 334701.5625 18450
1773995594678 503662.0 18500
1773995596228 114639.7890625 18550
1773995597836 51873.98046875 18600
1773995599474 287258.375 18650
1773995601091 252169.65625 18700
1773995602723 169339.265625 18750
1773995604332 177223.75 18800
1773995605942 325450.84375 18850
1773995607613 351915.25 18900
1773995609241 303467.875 18950
1773995610854 233011.59375 19000
1773995612443 623472.5 19050
1773995614095 322563.21875 19100
1773995615652 199555.859375 19150
1773995676985 183748.8125 19200
1773995678879 500019.0625 19250
1773995680477 201524.4375 19300
1773995682102 453265.78125 19350
1773995683699 177021.78125 19400
1773995685294 204977.59375 19450
1773995686917 173856.046875 19500
1773995688526 147002.96875 19550
1773995690092 232346.140625 19600
1773995691707 170889.9375 19650
1773995693280 202492.0 19700
1773995694916 346488.40625 19750
1773995696469 189898.53125 19800
1773995698084 81340.7265625 19850
1773995699715 347911.125 19900
1773995701309 115457.7890625 19950
1773995762406 70666.9921875 20000
1773995764208 221770.65625 20050
1773995765786 306372.8125 20100
1773995767379 255570.09375 20150
1773995768993 584349.25 20200
1773995770680 202695.375 20250
1773995772246 306546.4375 20300
1773995773810 176531.390625 20350
1773995775473 242353.34375 20400
1773995777097 337489.1875 20450
1773995778752 336565.5 20500
1773995780348 257811.78125 20550
1773995781946 256314.6875 20600
1773995783490 106759.7421875 20650
1773995785129 559853.8125 20700
1773995786760 195046.28125 20750
1773995847857 355332.09375 20800
1773995849655 335054.15625 20850
1773995851254 145862.890625 20900
1773995852922 253945.96875 20950
1773995854500 66369.2109375 21000
1773995856176 69347.6953125 21050
1773995857805 194126.265625 21100
1773995859366 223311.453125 21150
1773995861005 71656.984375 21200
1773995862615 364805.5625 21250
1773995864162 275318.5625 21300
1773995865845 284282.3125 21350
1773995867507 233704.828125 21400
1773995869183 234974.625 21450
1773995870818 370969.71875 21500
1773995872401 223998.765625 21550
1773995935257 188087.21875 21600
1773995937007 114368.328125 21650
1773995938650 271430.75 21700
1773995940288 111134.125 21750
1773995941902 162823.46875 21800
1773995943506 270064.3125 21850
1773995945128 162578.0625 21900
1773995946716 375537.5625 21950
1773995948342 308228.6875 22000
1773995949915 271253.625 22050
1773995951518 243080.609375 22100
1773995953208 173541.640625 22150
1773995954847 134298.25 22200
1773995956440 99812.1875 22250
1773995958087 168445.6875 22300
1773995959708 444484.9375 22350
1773996022416 714689.4375 22400
1773996024204 216620.671875 22450
1773996025799 144274.8125 22500
1773996027472 276135.9375 22550
1773996029043 167942.78125 22600
1773996030584 225195.984375 22650
1773996032193 514577.5 22700
1773996033811 144213.953125 22750
1773996035457 129921.5234375 22800
1773996037087 146916.609375 22850
1773996038672 125925.453125 22900
1773996040325 192037.09375 22950
1773996041953 264332.3125 23000
1773996043531 111885.859375 23050
1773996045191 277568.40625 23100
1773996046767 285416.25 23150
1773996112844 89980.28125 23200
1773996114648 252858.84375 23250
1773996116219 110944.453125 23300
1773996117847 248273.6875 23350
1773996119427 175872.3125 23400
1773996121058 256939.828125 23450
1773996122617 549331.0 23500
1773996124240 392553.78125 23550
1773996125834 407289.0625 23600
1773996127486 345971.9375 23650
1773996129160 271513.21875 23700
1773996130771 428400.90625 23750
1773996132496 181620.625 23800
1773996133994 86345.1796875 23850
1773996135619 167530.90625 23900
1773996137231 183774.796875 23950
1773996198390 241960.03125 24000
1773996200196 255819.890625 24050
1773996201816 195301.8125 24100
1773996203407 281608.875 24150
1773996205091 129287.453125 24200
1773996206751 153376.46875 24250
1773996208352 235701.53125 24300
1773996209980 243308.96875 24350
1773996211605 237262.375 24400
1773996213261 116118.7578125 24450
1773996214868 347889.40625 24500
1773996216533 200331.40625 24550
1773996218147 83658.0390625 24600
1773996219713 680790.25 24650
1773996221394 92486.625 24700
1773996223022 169114.5625 24750
1773996284192 199247.90625 24800
1773996286058 185343.0 24850
1773996287668 388600.75 24900
1773996289324 178700.84375 24950
1773996290926 37628.79296875 25000
1773996292554 106388.140625 25050
1773996294170 184535.859375 25100
1773996295793 390413.625 25150
1773996297426 756421.875 25200
1773996299053 288366.3125 25250
1773996300722 344969.8125 25300
1773996302393 84594.0625 25350
1773996303997 282800.125 25400
1773996305710 141129.96875 25450
1773996307406 309903.59375 25500
1773996309011 332334.75 25550
1773996371816 182987.875 25600
1773996373620 27055.1796875 25650
1773996375263 130155.515625 25700
1773996376837 220649.8125 25750
1773996378489 137717.953125 25800
1773996380071 312996.375 25850
1773996381685 440310.5 25900
1773996383275 266403.5 25950
1773996384866 293859.5625 26000
1773996386487 118822.375 26050
1773996388114 192133.5625 26100
1773996389755 88876.96875 26150
1773996391369 293560.6875 26200
1773996392932 255298.0625 26250
1773996394641 404844.5 26300
1773996396303 254899.21875 26350
1773996458993 366678.75 26400
1773996460790 306388.6875 26450
1773996462418 237283.828125 26500
1773996464025 384312.5625 26550
1773996465685 545097.1875 26600
1773996467339 236184.671875 26650
1773996468951 114830.5546875 26700
1773996470601 323145.21875 26750
1773996472256 283526.46875 26800
1773996473828 246051.1875 26850
1773996475505 121457.1875 26900
1773996477113 160731.46875 26950
1773996478688 164093.625 27000
1773996480342 344071.125 27050
1773996482013 168852.09375 27100
1773996483645 594901.6875 27150
1773996546557 235287.4375 27200
1773996548401 159784.984375 27250
1773996549995 141687.375 27300
1773996551659 313903.78125 27350
1773996553281 135190.203125 27400
1773996554919 87237.96875 27450
1773996556458 251376.171875 27500
1773996558022 382625.65625 27550
1773996559734 247457.8125 27600
1773996561365 131836.09375 27650
1773996562989 286195.46875 27700
1773996564678 226353.21875 27750
1773996566308 309760.625 27800
1773996567986 320365.125 27850
1773996569602 177415.9375 27900
1773996571235 269721.71875 27950
1773996634067 192390.203125 28000
1773996635967 288720.40625 28050
1773996637564 285963.84375 28100
1773996639194 242521.984375 28150
1773996640824 323013.8125 28200
1773996642455 346814.4375 28250
1773996644137 295820.5625 28300
1773996645801 237390.875 28350
1773996647427 195678.5 28400
1773996649025 137773.0625 28450
1773996650619 450672.6875 28500
1773996652312 241673.203125 28550
1773996653885 159832.21875 28600
1773996655522 189511.1875 28650
1773996657120 371155.375 28700
1773996658725 294642.9375 28750
1773996722339 225599.03125 28800
1773996724138 280715.4375 28850
1773996725774 294729.1875 28900
1773996727357 284828.875 28950
1773996728936 68633.015625 29000
1773996730582 129578.7109375 29050
1773996732207 291441.3125 29100
1773996733817 294559.375 29150
1773996735434 285183.625 29200
1773996737000 309188.875 29250
1773996738611 238742.34375 29300
1773996740217 156860.0 29350
1773996741841 307110.125 29400
1773996743541 173997.265625 29450
1773996745193 281098.53125 29500
1773996746814 181620.8125 29550
1773996807939 374017.09375 29600
1773996809760 91053.34375 29650
1773996811348 249020.171875 29700
1773996812944 244841.75 29750
1773996814555 699769.875 29800
1773996816227 184273.1875 29850
1773996817862 123663.0546875 29900
1773996819590 140949.4375 29950
1773996821205 91852.8984375 30000
1773996822798 290599.40625 30050
1773996824398 74190.9921875 30100
1773996826017 176709.125 30150
1773996827653 197595.34375 30200
1773996829315 102522.65625 30250
1773996831023 390169.5 30300
1773996832643 409574.875 30350
1773996895535 128287.484375 30400
1773996897355 291396.625 30450
1773996898945 132727.6875 30500
1773996900579 138881.8125 30550
1773996902191 343446.40625 30600
1773996903856 334140.125 30650
1773996905404 420005.5625 30700
1773996907062 295509.8125 30750
1773996908760 116697.4921875 30800
1773996910395 391144.9375 30850
1773996912035 344292.8125 30900
1773996913715 461843.46875 30950
1773996915375 309834.28125 31000
1773996917071 209981.59375 31050
1773996918708 139189.921875 31100
1773996920345 407506.0625 31150
1773996983911 362180.75 31200
1773996985631 264025.5 31250
1773996987285 254055.5625 31300
1773996988949 212675.4375 31350
1773996990606 219752.46875 31400
1773996992246 573354.625 31450
1773996993840 327758.875 31500
1773996995419 600891.3125 31550
1773996997041 257991.03125 31600
1773996998665 223837.25 31650
1773997000272 51127.828125 31700
1773997001877 53908.984375 31750
1773997003496 216119.6875 31800
1773997005151 329035.0 31850
1773997006854 233508.59375 31900
1773997008469 56197.67578125 31950
1773997071394 90145.390625 32000
1773997073312 275155.5 32050
1773997074961 204706.65625 32100
1773997076599 217367.390625 32150
1773997078187 440664.1875 32200
1773997079774 281276.03125 32250
1773997081447 428031.8125 32300
1773997083125 272225.375 32350
1773997084787 578576.25 32400
1773997086410 193426.703125 32450
1773997088049 160789.8125 32500
1773997089814 192452.90625 32550
1773997091413 357397.96875 32600
1773997092950 307673.875 32650
1773997094532 308226.375 32700
1773997096134 201294.140625 32750
1773997157350 85383.5859375 32800
1773997159204 364560.5 32850
1773997160822 290434.03125 32900
1773997162466 232116.3125 32950
1773997164206 232177.84375 33000
1773997165870 328113.78125 33050
1773997167477 197792.625 33100
1773997169025 494219.3125 33150
1773997170724 214650.796875 33200
1773997172275 223388.5 33250
1773997173920 101919.921875 33300
1773997175533 140933.3125 33350
1773997177201 90554.875 33400
1773997178826 240191.25 33450
1773997180462 290153.84375 33500
1773997182079 676453.3125 33550
1773997244801 261551.421875 33600
1773997246621 443444.40625 33650
1773997248312 140316.234375 33700
1773997250005 219794.921875 33750
1773997251660 135459.8125 33800
1773997253257 318925.0625 33850
1773997254895 200847.5625 33900
1773997256556 306070.5 33950
1773997258164 153967.75 34000
1773997259806 364413.25 34050
1773997261516 237788.953125 34100
1773997263118 274279.5 34150
1773997264742 251618.40625 34200
1773997266338 173895.125 34250
1773997268059 224717.875 34300
1773997269754 120396.1328125 34350
1773997332601 134849.5 34400
1773997334481 171776.84375 34450
1773997336131 205310.78125 34500
1773997337775 152875.75 34550
1773997339457 186329.0 34600
1773997341113 153402.453125 34650
1773997342707 227540.1875 34700
1773997344338 302454.25 34750
1773997345979 234673.53125 34800
1773997347567 198315.703125 34850
1773997349186 141818.328125 34900
1773997350856 146835.765625 34950
1773997352500 172417.015625 35000
1773997354145 235510.640625 35050
1773997355826 767507.4375 35100
1773997357476 170430.1875 35150
1773997421246 321345.25 35200
1773997423055 171096.40625 35250
1773997424716 160130.984375 35300
1773997426378 204848.46875 35350
1773997428069 393919.28125 35400
1773997429720 319413.8125 35450
1773997431376 234460.796875 35500
1773997433012 287178.375 35550
1773997434585 156730.0625 35600
1773997436236 140286.0 35650
1773997437821 291717.5625 35700
1773997439476 272504.15625 35750
1773997441102 407075.28125 35800
1773997442758 75353.265625 35850
1773997444431 166670.78125 35900
1773997446075 264140.5625 35950
1773997508880 232208.3125 36000
1773997510691 112462.8046875 36050
1773997512309 208567.265625 36100
1773997514060 201590.46875 36150
1773997515784 230410.25 36200
1773997517350 109744.328125 36250
1773997519028 156981.640625 36300
1773997520643 230604.375 36350
1773997522298 181312.78125 36400
1773997523883 452849.8125 36450
1773997525522 104962.7578125 36500
1773997527183 343631.125 36550
1773997528825 192683.515625 36600
1773997530479 224136.1875 36650
1773997532186 358123.5 36700
1773997533819 273725.875 36750
1773997596675 146702.875 36800
1773997598552 237733.75 36850
1773997600182 231461.390625 36900
1773997601881 182715.0625 36950
1773997603598 302688.125 37000
1773997605240 610166.4375 37050
1773997606926 218558.28125 37100
1773997608658 318331.25 37150
1773997610266 384873.59375 37200
1773997611892 98259.390625 37250
1773997613568 227209.65625 37300
1773997615181 250557.671875 37350
1773997616802 103795.9765625 37400
1773997618454 311621.875 37450
1773997620146 317020.875 37500
1773997621822 461992.125 37550
1773997683091 188363.90625 37600
1773997684981 130795.890625 37650
1773997686631 286404.90625 37700
1773997688339 340031.75 37750
1773997690022 122873.25 37800
1773997691632 300886.25 37850
1773997693345 186207.625 37900
1773997694953 235847.5625 37950
1773997696610 151524.8125 38000
1773997698244 80683.21875 38050
1773997699896 323822.125 38100
1773997701568 190752.5625 38150
1773997703187 379366.34375 38200
1773997704771 714600.0 38250
1773997706479 137324.3125 38300
1773997708160 232465.234375 38350
1773997774173 151210.1875 38400
1773997775942 367232.625 38450
1773997777554 207411.125 38500
1773997779212 177809.53125 38550
1773997780783 451836.4375 38600
1773997782464 727325.0 38650
1773997784093 419532.375 38700
1773997785729 165866.453125 38750
1773997787392 150643.59375 38800
1773997788983 313711.15625 38850
1773997790556 143834.40625 38900
1773997792155 151655.234375 38950
1773997793752 388408.0 39000
1773997795384 496167.5625 39050
1773997797032 184422.34375 39100
1773997798710 183956.171875 39150
1773997864785 132132.109375 39200
1773997866587 230165.421875 39250
1773997868225 281432.90625 39300
1773997869864 496590.15625 39350
1773997871468 286447.84375 39400
1773997873136 135126.0625 39450
1773997874775 194282.8125 39500
1773997876448 305669.0625 39550
1773997878090 159432.75 39600
1773997879748 296923.65625 39650
1773997881387 568571.375 39700
1773997883023 248779.125 39750
1773997884606 173804.890625 39800
1773997886316 180933.515625 39850
1773997887991 127999.5234375 39900
1773997889634 220617.453125 39950
1773997952562 174989.90625 40000
1773997954430 616355.25 40050
1773997956087 280427.0625 40100
1773997957712 183599.34375 40150
1773997959338 304939.9375 40200
1773997961049 150670.0 40250
1773997962714 607759.5 40300
1773997964350 161965.234375 40350
1773997965979 514207.4375 40400
1773997967619 110328.0390625 40450
1773997969323 232402.203125 40500
1773997970997 345744.09375 40550
1773997972620 401716.84375 40600
1773997974277 155751.5625 40650
1773997975865 341403.96875 40700
1773997977473 312068.8125 40750
1773998040381 211468.75 40800
1773998042225 302395.09375 40850
1773998043955 610169.5625 40900
1773998045591 373901.625 40950
1773998047215 162452.953125 41000
1773998048912 160670.46875 41050
1773998050595 272028.40625 41100
1773998052258 339993.9375 41150
1773998053973 237711.328125 41200
1773998055603 309628.125 41250
1773998057328 90844.921875 41300
1773998058993 218130.546875 41350
1773998060659 55130.703125 41400
1773998062312 195841.125 41450
1773998063950 188925.671875 41500
1773998065581 297649.28125 41550
1773998131760 120933.875 41600
1773998133639 131020.9921875 41650
1773998135295 116724.625 41700
1773998136902 317981.4375 41750
1773998138601 219243.46875 41800
1773998140274 219642.140625 41850
1773998141821 266377.03125 41900
1773998143597 197045.09375 41950
1773998145260 241332.84375 42000
1773998146897 93550.640625 42050
1773998148527 117236.015625 42100
1773998150136 547315.125 42150
1773998151786 202146.40625 42200
1773998153413 590002.25 42250
1773998155108 349565.625 42300
1773998156709 293853.8125 42350
1773998218021 375289.9375 42400
1773998219934 178100.9375 42450
1773998221560 100630.015625 42500
1773998223180 58618.68359375 42550
1773998224831 274640.0 42600
1773998226461 333846.53125 42650
1773998228106 229552.890625 42700
1773998229730 258566.765625 42750
1773998231424 459708.6875 42800
1773998233063 176814.125 42850
1773998234703 184016.40625 42900
1773998236409 663747.75 42950
1773998238020 241803.9375 43000
1773998239755 407523.21875 43050
1773998241458 214788.5 43100
1773998243072 219351.46875 43150
1773998305960 310298.53125 43200
1773998307761 143407.765625 43250
1773998309438 66660.8125 43300
1773998311042 477282.59375 43350
1773998312689 320763.96875 43400
1773998314321 186123.90625 43450
1773998315971 365099.125 43500
1773998317660 193755.328125 43550
1773998319338 297567.6875 43600
1773998321010 243116.0 43650
1773998322701 318423.84375 43700
1773998324325 284570.5625 43750
1773998325999 74893.390625 43800
1773998327676 279883.4375 43850
1773998329289 242733.4375 43900
1773998330922 254880.34375 43950
1773998394681 142718.671875 44000
1773998396489 355573.3125 44050
1773998398213 197411.625 44100
1773998399892 208520.125 44150
1773998401508 238805.6875 44200
1773998403190 157100.734375 44250
1773998404868 122160.71875 44300
1773998406602 204705.6875 44350
1773998408293 275967.03125 44400
1773998410021 536272.25 44450
1773998411613 162635.1875 44500
1773998413202 295153.28125 44550
1773998414861 166899.75 44600
1773998416494 171173.765625 44650
1773998418143 688579.125 44700
1773998419755 384519.8125 44750
1773998481026 239605.84375 44800
1773998483021 187612.859375 44850
1773998484639 462919.375 44900
1773998486335 94851.703125 44950
1773998488001 160987.28125 45000
1773998489645 54072.6875 45050
1773998491316 135577.25 45100
1773998492958 83941.171875 45150
1773998494582 515552.625 45200
1773998496219 342766.65625 45250
1773998497912 424619.0625 45300
1773998499605 270946.28125 45350
1773998501216 259255.75 45400
1773998502888 78339.5078125 45450
1773998504594 342625.375 45500
1773998506224 153874.109375 45550
1773998569078 258297.359375 45600
1773998571004 135181.34375 45650
1773998572698 169803.21875 45700
1773998574332 266113.375 45750
1773998576011 431291.75 45800
1773998577676 101006.0546875 45850
1773998579266 201818.34375 45900
1773998580941 125604.9375 45950
1773998582639 164378.953125 46000
1773998584328 314376.6875 46050
1773998585961 151700.953125 46100
1773998587686 252360.921875 46150
1773998589304 502627.875 46200
1773998590982 261912.9375 46250
1773998592641 286330.96875 46300
1773998594272 234344.96875 46350
1773998657985 180664.15625 46400
1773998659810 300054.25 46450
1773998661483 387203.46875 46500
1773998663098 587607.8125 46550
1773998664764 354011.03125 46600
1773998666382 128235.734375 46650
1773998668043 154978.53125 46700
1773998669682 245897.3125 46750
1773998671358 102765.625 46800
1773998672963 65994.359375 46850
1773998674584 333735.5 46900
1773998676256 272318.1875 46950
1773998677918 230739.53125 47000
1773998679592 300939.5 47050
1773998681231 168684.90625 47100
1773998682842 261566.6875 47150
1773998745755 68909.03125 47200
1773998747710 175803.734375 47250
1773998749359 292606.9375 47300
1773998751087 81597.796875 47350
1773998752768 590039.75 47400
1773998754385 224181.46875 47450
1773998756100 402665.28125 47500
1773998757733 366722.125 47550
1773998759431 271658.0 47600
1773998761140 384437.25 47650
1773998762837 137578.140625 47700
1773998764497 156373.75 47750
1773998766179 357579.65625 47800
1773998767876 200278.1875 47850
1773998769538 228404.40625 47900
1773998771216 365217.90625 47950
1773998841602 396569.0625 48000
1773998843602 87294.5703125 48050
1773998845299 361779.0 48100
1773998847122 258369.90625 48150
1773998848983 265942.875 48200
1773998850810 197700.25 48250
1773998852596 132608.53125 48300
1773998854343 262516.21875 48350
1773998856061 102257.96875 48400
1773998857769 204215.0625 48450
1773998859545 147455.53125 48500
1773998861411 177875.234375 48550
1773998863156 128111.2890625 48600
1773998864880 121103.5234375 48650
1773998866640 233322.328125 48700
1773998868394 360734.9375 48750
1773998940263 377693.1875 48800
1773998942224 186666.90625 48850
1773998943998 279944.3125 48900
1773998945700 270329.875 48950
1773998947510 161394.09375 49000
1773998949281 215268.4375 49050
1773998950945 372984.0625 49100
1773998952755 165600.375 49150
1773998954804 142519.9375 49200
1773998956547 346067.90625 49250
1773998958282 241676.625 49300
1773998960092 177821.0 49350
1773998961979 263368.34375 49400
1773998963713 506034.0 49450
1773998965491 146385.6875 49500
1773998967219 113361.3671875 49550
1773999041584 281878.875 49600
1773999043515 114457.5234375 49650
1773999045231 82475.03125 49700
1773999047001 318601.9375 49750
1773999048735 48992.3203125 49800
1773999050472 155703.3125 49850
1773999052141 73888.890625 49900
1773999053852 263397.0 49950
1773999055576 283789.6875 50000
1773999057339 491990.75 50050
1773999059021 257245.484375 50100
1773999060769 300637.375 50150
1773999062483 284981.9375 50200
1773999064267 481883.5 50250
1773999066014 288637.96875 50300
1773999067757 255350.171875 50350
1773999135508 334276.90625 50400
1773999137370 237514.734375 50450
1773999139080 396727.0625 50500
1773999140858 250063.65625 50550
1773999142563 82033.3125 50600
1773999144237 158276.96875 50650
1773999145951 175747.78125 50700
1773999147633 681122.25 50750
1773999149395 174964.65625 50800
1773999151088 145257.25 50850
1773999152770 279283.15625 50900
1773999154485 139975.734375 50950
1773999156212 437881.90625 51000
1773999157912 285008.21875 51050
1773999159648 435086.28125 51100
1773999161402 303298.375 51150
1773999229101 224909.125 51200
1773999230941 296651.9375 51250
1773999232652 180073.609375 51300
1773999234378 169628.65625 51350
1773999236148 234716.703125 51400
1773999237862 269191.6875 51450
1773999239562 214406.78125 51500
1773999241331 264418.0625 51550
1773999243091 419306.5625 51600
1773999244843 56511.08203125 51650
1773999246560 193950.390625 51700
1773999248250 280253.34375 51750
1773999249951 199291.65625 51800
1773999251602 427714.09375 51850
1773999253389 43254.7421875 51900
1773999255157 151860.078125 51950
1773999324406 272088.90625 52000
1773999326299 208896.8125 52050
1773999328065 162127.921875 52100
1773999329739 454068.9375 52150
1773999331458 374463.0625 52200
1773999333268 305902.9375 52250
1773999335041 276366.21875 52300
1773999336722 300981.09375 52350
1773999338441 140643.078125 52400
1773999340100 157199.9375 52450
1773999341808 369055.875 52500
1773999343505 152058.34375 52550
1773999345261 267530.65625 52600
1773999347045 232937.09375 52650
1773999348740 380703.3125 52700
1773999350380 572815.25 52750
1773999419742 170275.359375 52800
1773999421647 185034.546875 52850
1773999423379 597533.75 52900
1773999425114 326399.75 52950
1773999426965 613824.4375 53000
1773999428636 456199.46875 53050
1773999430310 578930.5 53100
1773999432032 300246.1875 53150
1773999433780 542979.0625 53200
1773999435557 120304.2578125 53250
1773999437219 347433.21875 53300
1773999438932 401265.0625 53350
1773999440653 277755.40625 53400
1773999442400 240967.453125 53450
1773999444103 219648.53125 53500
1773999445841 69793.4140625 53550
1773999515138 236027.0625 53600
1773999516970 138748.015625 53650
1773999518765 421537.8125 53700
1773999520475 371624.375 53750
1773999522234 146521.046875 53800
1773999523928 260443.84375 53850
1773999525666 296342.53125 53900
1773999527343 208844.40625 53950
1773999529108 201764.21875 54000
1773999530884 108108.171875 54050
1773999532574 467840.4375 54100
1773999534333 251431.75 54150
1773999536003 110975.65625 54200
1773999537721 234096.78125 54250
1773999539464 130979.59375 54300
1773999541225 293195.9375 54350
1773999609042 188502.59375 54400
1773999610989 84503.1875 54450
1773999612701 223874.96875 54500
1773999614346 177155.375 54550
1773999616113 341064.0 54600
1773999617810 365992.6875 54650
1773999619557 503915.71875 54700
1773999621260 56210.1015625 54750
1773999623019 169042.171875 54800
1773999624799 239318.4375 54850
1773999626527 411942.65625 54900
1773999628256 343873.1875 54950
1773999630054 152899.125 55000
1773999631807 317512.1875 55050
1773999633569 260485.90625 55100
1773999635256 140522.1875 55150
1773999704525 315310.6875 55200
1773999706433 327723.25 55250
1773999708205 398368.34375 55300
1773999709962 334383.0625 55350
1773999711749 288886.71875 55400
1773999713503 325323.8125 55450
1773999715304 206958.75 55500
1773999717007 335249.96875 55550
1773999718724 248434.125 55600
1773999720483 278919.6875 55650
1773999722187 658638.125 55700
1773999723928 188401.84375 55750
1773999725663 440145.625 55800
1773999727365 129643.6796875 55850
1773999729102 346300.40625 55900
1773999730849 349552.78125 55950
1773999800363 250533.1875 56000
1773999802247 250141.53125 56050
1773999803964 229378.96875 56100
1773999805702 686124.4375 56150
1773999807433 179850.78125 56200
1773999809170 466769.59375 56250
1773999810893 268395.875 56300
1773999812649 452380.90625 56350
1773999814322 251834.125 56400
1773999816050 341554.5625 56450
1773999817749 398300.0 56500
1773999819510 266565.875 56550
1773999821233 245737.0 56600
1773999822946 201003.09375 56650
1773999824676 384363.3125 56700
1773999826413 392810.75 56750
1773999895848 206872.1875 56800
1773999897774 186990.40625 56850
1773999899516 563070.0625 56900
1773999901320 330057.125 56950
1773999903036 184631.3125 57000
1773999904765 298449.34375 57050
1773999906513 349366.34375 57100
1773999908295 193894.734375 57150
1773999909920 180183.953125 57200
1773999911715 177119.515625 57250
1773999913499 282713.25 57300
1773999915333 272904.0 57350
1773999917121 565952.75 57400
1773999918907 296760.25 57450
1773999920677 156826.015625 57500
1773999922315 348543.0625 57550
1773999992594 574861.5 57600
1773999994457 430031.625 57650
1773999996223 185685.8125 57700
1773999997958 147090.625 57750
1773999999722 136450.265625 57800
1774000001457 99275.6953125 57850
1774000003216 285750.53125 57900
1774000004974 486815.53125 57950
1774000006722 181966.953125 58000
1774000008488 219799.3125 58050
1774000010275 211373.125 58100
1774000012032 183611.0 58150
1774000013799 376980.71875 58200
1774000015601 473092.375 58250
1774000017386 130365.3984375 58300
1774000019084 214996.78125 58350
1774000088596 130783.046875 58400
1774000090412 158861.1875 58450
1774000092177 478639.96875 58500
1774000093912 264803.5 58550
1774000095675 110599.421875 58600
1774000097414 156435.8125 58650
1774000099108 347465.3125 58700
1774000100816 268840.78125 58750
1774000102585 142995.984375 58800
1774000104435 177710.0625 58850
1774000106102 224556.859375 58900
1774000107885 182462.421875 58950
1774000109610 134830.125 59000
1774000111380 1407993.5 59050
1774000113129 237043.65625 59100
1774000114857 172322.453125 59150
1774000182562 110275.1484375 59200
1774000184499 136176.265625 59250
1774000186364 649375.75 59300
1774000188102 307225.0625 59350
1774000189854 231623.515625 59400
1774000191594 198314.28125 59450
1774000193352 450534.5625 59500
1774000195073 211784.265625 59550
1774000196810 306210.75 59600
1774000198535 113095.921875 59650
1774000200310 131320.34375 59700
1774000202069 234238.0625 59750
1774000203802 403901.625 59800
1774000205591 208172.65625 59850
1774000207313 239328.96875 59900
1774000209064 110707.109375 59950
1774000276892 155274.265625 60000
1774000278943 111612.59375 60050
1774000280683 160564.796875 60100
1774000282436 133702.625 60150
1774000284190 132681.890625 60200
1774000285905 482292.1875 60250
1774000287664 330477.25 60300
1774000289406 133867.4375 60350
1774000291117 215020.53125 60400
1774000292925 180503.625 60450
1774000294668 261924.421875 60500
1774000296475 355949.9375 60550
1774000298240 459771.34375 60600
1774000299993 542237.0 60650
1774000301767 274690.84375 60700
1774000303505 149406.546875 60750
1774000372822 734156.6875 60800
1774000374786 513211.59375 60850
1774000376514 294226.4375 60900
1774000378252 121538.703125 60950
1774000380018 138653.71875 61000
1774000381783 89367.546875 61050
1774000383629 334614.40625 61100
1774000385381 95242.21875 61150
1774000387094 409794.46875 61200
1774000388855 324247.09375 61250
1774000390617 250654.34375 61300
1774000392391 268834.6875 61350
1774000394192 194496.25 61400
1774000395965 391727.0625 61450
1774000397770 331389.25 61500
1774000399505 427868.1875 61550
1774000472066 192346.90625 61600
1774000473951 239863.5625 61650
1774000475718 528773.125 61700
1774000477474 357170.625 61750
1774000479266 391464.09375 61800
1774000480993 69741.0078125 61850
1774000482738 192350.828125 61900
1774000484476 174533.375 61950
1774000486358 162682.796875 62000
1774000488094 223541.171875 62050
1774000489792 162535.96875 62100
1774000491543 294867.5625 62150
1774000493356 111249.609375 62200
1774000495148 354094.25 62250
1774000496919 381903.53125 62300
1774000498718 151622.09375 62350
1774000568111 135226.734375 62400
1774000570069 208167.828125 62450
1774000571850 215305.03125 62500
1774000573582 157187.5625 62550
1774000575318 133892.65625 62600
1774000577108 316314.71875 62650
1774000578909 176154.4375 62700
1774000580671 297027.375 62750
1774000582396 301352.4375 62800
1774000584129 377413.40625 62850
1774000585863 197614.9375 62900
1774000587586 463433.40625 62950
1774000589294 688688.125 63000
1774000591043 557976.625 63050
1774000592817 310143.1875 63100
1774000594585 176464.09375 63150
1774000662288 276603.5 63200
1774000664233 392702.9375 63250
1774000666013 428326.8125 63300
1774000667747 170522.625 63350
1774000669482 240798.359375 63400
1774000671198 323902.46875 63450
1774000672926 190960.265625 63500
1774000674694 146523.515625 63550
1774000676410 643689.6875 63600
1774000678163 113020.7734375 63650
1774000679944 157329.328125 63700
1774000681686 169129.484375 63750
1774000683498 431709.1875 63800
1774000685326 252217.75 63850
1774000687015 206771.78125 63900
1774000688775 337347.8125 63950
1774000761396 726556.6875 64000
1774000763365 223216.3125 64050
1774000765215 147431.734375 64100
1774000766946 148543.6875 64150
1774000768667 370582.59375 64200
1774000770461 227009.546875 64250
1774000772236 107472.9921875 64300
1774000773963 286188.75 64350
1774000775735 176850.765625 64400
1774000777532 263196.5 64450
1774000779261 55883.85546875 64500
1774000781057 152918.828125 64550
1774000782759 247714.09375 64600
1774000784562 625210.4375 64650
1774000786354 310124.8125 64700
1774000788175 334777.125 64750
1774000857621 168799.828125 64800
1774000859589 441170.3125 64850
1774000861327 159290.625 64900
1774000863090 548073.125 64950
1774000864891 90170.875 65000
1774000866657 251670.953125 65050
1774000868427 192086.125 65100
1774000870232 595164.5 65150
1774000871986 263300.6875 65200
1774000873766 219445.625 65250
1774000875586 411911.25 65300
1774000877320 177075.78125 65350
1774000879138 201425.625 65400
1774000880878 242013.25 65450
1774000882636 218893.59375 65500
1774000884419 300540.0625 65550
1774000954641 264360.0625 65600
1774000956549 216937.15625 65650
1774000958238 542757.375 65700
1774000959974 238666.921875 65750
1774000961790 269601.6875 65800
1774000963573 550628.625 65850
1774000965325 485024.78125 65900
1774000967078 158349.65625 65950
1774000968862 459125.6875 66000
1774000970613 219836.5 66050
1774000972362 331847.90625 66100
1774000974159 206792.765625 66150
1774000975936 207708.25 66200
1774000977672 63166.62890625 66250
1774000979403 230899.3125 66300
1774000981150 231848.25 66350
1774001048882 383882.375 66400
1774001050813 147591.921875 66450
1774001052506 412185.375 66500
1774001054213 285473.4375 66550
1774001056014 132031.71875 66600
1774001057730 144938.515625 66650
1774001059530 318953.0625 66700
1774001061296 136699.75 66750
1774001063029 290718.71875 66800
1774001064841 328862.125 66850
1774001066615 120062.0703125 66900
1774001068444 334170.03125 66950
1774001070282 541708.8125 67000
1774001072054 355703.6875 67050
1774001073769 181670.203125 67100
1774001075554 115093.25 67150
1774001148259 229473.875 67200
1774001150307 263792.3125 67250
1774001152039 152596.625 67300
1774001153752 304525.84375 67350
1774001155519 120842.9921875 67400
1774001157310 274153.875 67450
1774001159044 313754.40625 67500
1774001160859 170726.203125 67550
1774001162635 385269.8125 67600
1774001164401 228554.125 67650
1774001166160 189755.9375 67700
1774001168028 315880.0625 67750
1774001169722 127836.5625 67800
1774001171481 232351.5 67850
1774001173306 429680.875 67900
1774001175067 453351.15625 67950
1774001242970 302700.4375 68000
1774001244926 230475.375 68050
1774001246654 157611.46875 68100
1774001248393 174647.421875 68150
1774001250173 225994.28125 68200
1774001251851 177946.96875 68250
1774001253626 235279.546875 68300
1774001255389 162505.328125 68350
1774001257189 176138.0 68400
1774001258911 483101.4375 68450
1774001260646 183238.015625 68500
1774001262446 217637.0625 68550
1774001264225 176715.359375 68600
1774001265980 241898.96875 68650
1774001267746 86907.5703125 68700
1774001269553 367565.34375 68750
1774001338946 246512.4375 68800
1774001340825 261824.109375 68850
1774001342614 769620.25 68900
1774001344382 301286.59375 68950
1774001346195 211859.84375 69000
1774001347958 356168.125 69050
1774001349743 68333.34375 69100
1774001351471 397265.15625 69150
1774001353242 322913.6875 69200
1774001355001 321236.1875 69250
1774001356783 168740.859375 69300
1774001358553 263393.5 69350
1774001360302 58811.984375 69400
1774001362039 72303.4921875 69450
1774001363782 77222.2890625 69500
1774001365535 310262.25 69550
1774001435868 470088.125 69600
1774001437884 377137.1875 69650
1774001439801 321436.65625 69700
1774001441538 254630.34375 69750
1774001443313 284202.6875 69800
1774001445076 281539.75 69850
1774001446826 124477.078125 69900
1774001448546 185667.59375 69950
1774001450270 141503.53125 70000
1774001452005 107857.5625 70050
1774001453780 286902.75 70100
1774001455552 253153.375 70150
1774001457378 198087.921875 70200
1774001459165 586853.625 70250
1774001460958 254072.1875 70300
1774001462769 299773.5625 70350
1774001532242 286793.0625 70400
1774001534227 164892.78125 70450
1774001536000 436619.8125 70500
1774001537759 160538.390625 70550
1774001539492 224806.984375 70600
1774001541319 238046.125 70650
1774001543144 108782.9453125 70700
1774001544902 166925.65625 70750
1774001546606 243871.21875 70800
1774001548382 445622.625 70850
1774001550146 259551.8125 70900
1774001551922 443042.21875 70950
1774001553725 264516.5625 71000
1774001555492 176656.609375 71050
1774001557265 109383.546875 71100
1774001559020 192080.84375 71150
1774001628371 462182.875 71200
1774001630380 232343.0 71250
1774001632133 327968.0625 71300
1774001633894 255907.71875 71350
1774001635614 216599.703125 71400
1774001637332 102514.3828125 71450
1774001639117 430660.0625 71500
1774001640920 97918.234375 71550
1774001642740 327150.0625 71600
1774001644486 282035.8125 71650
1774001646233 211270.03125 71700
1774001647994 171049.8125 71750
1774001649775 230612.53125 71800
1774001651509 351803.34375 71850
1774001653261 416208.46875 71900
1774001655030 353346.6875 71950
1774001723004 434715.625 72000
1774001724942 438759.25 72050
1774001726713 231489.421875 72100
1774001728469 484839.28125 72150
1774001730253 235115.28125 72200
1774001731990 221000.515625 72250
1774001733815 422480.90625 72300
1774001735566 80505.921875 72350
1774001737335 326814.9375 72400
1774001739103 204510.984375 72450
1774001740824 437428.875 72500
1774001742631 466242.65625 72550
1774001744441 192095.84375 72600
1774001746174 188542.8125 72650
1774001747927 201602.890625 72700
1774001749698 100901.046875 72750
1774001819089 206891.875 72800
1774001821044 303696.90625 72850
1774001822827 439845.90625 72900
1774001824597 292307.09375 72950
1774001826361 251076.3125 73000
1774001828054 649063.5 73050
1774001829726 206639.53125 73100
1774001831472 224446.84375 73150
1774001833251 595806.625 73200
1774001835020 77750.21875 73250
1774001836794 211237.53125 73300
1774001838565 191175.03125 73350
1774001840410 540410.5625 73400
1774001842198 274957.53125 73450
1774001844058 183571.46875 73500
1774001845877 385370.875 73550
1774001915337 217290.796875 73600
1774001917358 353808.5 73650
1774001919154 462200.0625 73700
1774001920944 333936.125 73750
1774001922774 289600.125 73800
1774001924575 170570.0 73850
1774001926354 336549.4375 73900
1774001928162 72513.4765625 73950
1774001929952 228005.25 74000
1774001931678 276653.53125 74050
1774001933380 228220.53125 74100
1774001935207 283185.78125 74150
1774001937137 211405.296875 74200
1774001938909 275175.40625 74250
1774001940665 364825.3125 74300
1774001942460 111042.6328125 74350
1774002010186 320296.1875 74400
1774002012198 329472.0625 74450
1774002013956 146787.109375 74500
1774002015792 630697.25 74550
1774002017656 352834.71875 74600
1774002019428 219315.65625 74650
1774002021203 170817.1875 74700
1774002022966 119159.734375 74750
1774002024770 186826.0625 74800
1774002026554 224473.4375 74850
1774002028365 405152.09375 74900
1774002030161 180222.015625 74950
1774002031925 225564.125 75000
1774002033746 421861.0625 75050
1774002035479 287834.78125 75100
1774002037226 413473.9375 75150
1774002109967 783453.375 75200
1774002111990 313757.9375 75250
1774002113825 278205.5 75300
1774002115683 234435.8125 75350
1774002117496 81975.53125 75400
1774002119250 108492.140625 75450
1774002121007 237595.59375 75500
1774002122800 455401.03125 75550
1774002124550 237431.359375 75600
1774002126279 203539.4375 75650
1774002128023 441205.125 75700
1774002129827 262640.5 75750
1774002131632 281304.0625 75800
1774002133471 318721.5625 75850
1774002135241 324528.8125 75900
1774002137022 205881.109375 75950
1774002206485 142782.15625 76000
1774002208515 285578.90625 76050
1774002210317 192871.9375 76100
1774002212094 174042.0 76150
1774002213856 103777.6640625 76200
1774002215758 377346.25 76250
1774002217563 134530.1875 76300
1774002219376 172281.21875 76350
1774002221137 221379.515625 76400
1774002222979 194650.515625 76450
1774002224705 360563.9375 76500
1774002226474 485677.0625 76550
1774002228290 256267.703125 76600
1774002230079 270709.71875 76650
1774002231844 132672.375 76700
1774002233585 210391.375 76750
1774002304038 97001.265625 76800
1774002306000 355270.34375 76850
1774002307797 185053.8125 76900
1774002309550 87783.2421875 76950
1774002311359 102307.5703125 77000
1774002313135 321103.5625 77050
1774002314931 348101.96875 77100
1774002316651 365115.5 77150
1774002318447 493619.75 77200
1774002320279 302933.28125 77250
1774002322088 367450.0625 77300
1774002323836 190811.28125 77350
1774002325640 181269.046875 77400
1774002327391 95347.09375 77450
1774002329159 279951.125 77500
1774002330926 111702.34375 77550
1774002398740 242485.03125 77600
1774002400765 182534.78125 77650
1774002402551 396374.84375 77700
1774002404346 198600.75 77750
1774002406152 272772.4375 77800
1774002408008 288020.78125 77850
1774002409793 153534.0 77900
1774002411581 206141.734375 77950
1774002413386 213368.96875 78000
1774002415148 161944.703125 78050
1774002416962 444240.09375 78100
1774002418835 60428.03515625 78150
1774002420631 353945.46875 78200
1774002422378 288381.3125 78250
1774002424135 222078.125 78300
1774002425913 323764.21875 78350
1774002496328 238887.28125 78400
1774002498258 177581.21875 78450
1774002500056 255010.53125 78500
1774002501865 131742.28125 78550
1774002503663 569960.5 78600
1774002505413 228546.015625 78650
1774002507146 203875.875 78700
1774002508921 78111.328125 78750
1774002510705 234102.75 78800
1774002512567 272670.5 78850
1774002514294 304520.375 78900
1774002516103 357701.125 78950
1774002517877 188216.34375 79000
1774002519732 208129.71875 79050
1774002521521 278451.5 79100
1774002523317 160524.0 79150
1774002592751 336885.8125 79200
1774002594767 509443.625 79250
1774002596629 55326.2265625 79300
1774002598395 158571.96875 79350
1774002600179 208174.09375 79400
1774002601969 70756.671875 79450
1774002603724 64592.0234375 79500
1774002605500 101968.3125 79550
1774002607296 254642.421875 79600
1774002609143 142465.75 79650
1774002610886 209638.34375 79700
1774002612725 233372.359375 79750
1774002614530 209545.859375 79800
1774002616306 304594.5625 79850
1774002618176 404872.75 79900
1774002619967 95920.7109375 79950
1774002690329 144067.375 80000
1774002692318 138234.109375 80050
1774002694099 451242.90625 80100
1774002695840 152597.75 80150
1774002697743 313283.15625 80200
1774002699500 237202.1875 80250
1774002701356 91455.34375 80300
1774002703195 192005.1875 80350
1774002705025 181526.125 80400
1774002706839 181068.734375 80450
1774002708573 364157.46875 80500
1774002710351 146829.515625 80550
1774002712114 159779.125 80600
1774002713962 221221.125 80650
1774002715673 243071.546875 80700
1774002717505 369758.40625 80750
1774002790262 319310.03125 80800
1774002792187 318316.40625 80850
1774002793957 185855.453125 80900
1774002795664 138891.75 80950
1774002797481 163024.328125 81000
1774002799279 306905.6875 81050
1774002801051 161799.0625 81100
1774002802806 238700.890625 81150
1774002804541 645468.5625 81200
1774002806431 98112.8984375 81250
1774002808185 326796.8125 81300
1774002809905 447213.3125 81350
1774002811691 104285.140625 81400
1774002813521 261798.390625 81450
1774002815393 170748.328125 81500
1774002817157 225260.34375 81550
1774002885021 269290.4375 81600
1774002886976 475626.875 81650
1774002888742 232896.296875 81700
1774002890481 491672.53125 81750
1774002892298 346699.34375 81800
1774002894098 268115.6875 81850
1774002895863 268571.6875 81900
1774002897658 309947.28125 81950
1774002899407 228950.796875 82000
1774002901176 143353.25 82050
1774002902973 229050.4375 82100
1774002904886 128875.96875 82150
1774002906685 229465.625 82200
1774002908529 253938.1875 82250
1774002910364 401117.4375 82300
1774002912162 272643.0 82350
1774002979345 288073.65625 82400
1774002981357 216426.78125 82450
1774002983098 133875.5 82500
1774002984825 427966.65625 82550
1774002986508 280798.40625 82600
1774002988157 389368.34375 82650
1774002989830 136509.5625 82700
1774002991573 290996.25 82750
1774002993279 162357.71875 82800
1774002995032 192872.65625 82850
1774002996753 128891.703125 82900
1774002998497 498127.8125 82950
1774003000219 174822.078125 83000
1774003001961 115183.2265625 83050
1774003003679 495615.1875 83100
1774003005413 131022.6328125 83150
1774003068267 202405.09375 83200
1774003070158 196242.421875 83250
1774003071890 287479.25 83300
1774003073611 273954.40625 83350
1774003075357 378811.4375 83400
1774003077051 229259.921875 83450
1774003078800 199501.203125 83500
1774003080507 367876.5625 83550
1774003082228 287367.375 83600
1774003083872 223420.0625 83650
1774003085541 351065.0 83700
1774003087214 313551.5 83750
1774003088989 243150.984375 83800
1774003090699 295423.6875 83850
1774003092443 226979.109375 83900
1774003094198 70713.0390625 83950
1774003155537 177577.1875 84000
1774003157399 334273.21875 84050
1774003159070 275622.09375 84100
1774003160828 281732.0625 84150
1774003162692 365259.96875 84200
1774003164454 295206.0 84250
1774003166207 259659.609375 84300
1774003167906 195101.796875 84350
1774003169609 70271.953125 84400
1774003171258 499700.1875 84450
1774003173043 299822.0 84500
1774003174773 235717.71875 84550
1774003176475 133694.765625 84600
1774003178254 360402.25 84650
1774003179973 307812.0 84700
1774003181691 307805.125 84750
1774003244672 372748.59375 84800
1774003246493 267021.8125 84850
1774003248273 238416.953125 84900
1774003250003 176449.65625 84950
1774003251687 357951.84375 85000
1774003253388 284305.09375 85050
1774003255091 154033.984375 85100
1774003256796 139600.578125 85150
1774003258541 142449.296875 85200
1774003260260 285323.625 85250
1774003262038 166880.5 85300
1774003263813 170862.65625 85350
1774003265525 151579.671875 85400
1774003267241 268434.15625 85450
1774003268963 381126.625 85500
1774003270656 297788.5625 85550
1774003336902 385732.5625 85600
1774003338880 197307.1875 85650
1774003340644 214503.4375 85700
1774003342369 446921.0625 85750
1774003344113 580741.375 85800
1774003345755 205597.234375 85850
1774003347469 242955.6875 85900
1774003349173 227929.53125 85950
1774003350887 219428.296875 86000
1774003352575 533590.125 86050
1774003354449 621845.5 86100
1774003356165 113966.375 86150
1774003357970 168022.21875 86200
1774003359706 193012.265625 86250
1774003361444 159438.8125 86300
1774003363152 467743.125 86350
1774003424496 618259.9375 86400
1774003426390 233118.46875 86450
1774003428111 385934.75 86500
1774003429815 182962.640625 86550
1774003431612 206890.375 86600
1774003433307 245867.078125 86650
1774003435021 91010.0859375 86700
1774003436751 312533.6875 86750
1774003438481 301857.9375 86800
1774003440218 280067.34375 86850
1774003441940 356833.25 86900
1774003443657 224915.75 86950
1774003445368 284362.6875 87000
1774003447072 168365.609375 87050
1774003448816 175963.234375 87100
1774003450551 506519.84375 87150
1774003513513 205258.671875 87200
1774003515403 197019.046875 87250
1774003517131 194486.90625 87300
1774003518890 223251.53125 87350
1774003520657 156673.4375 87400
1774003522370 251419.4375 87450
1774003524086 375755.96875 87500
1774003525783 187850.875 87550
1774003527564 201210.609375 87600
1774003529358 291446.15625 87650
1774003531065 322733.78125 87700
1774003532784 369517.71875 87750
1774003534547 96697.234375 87800
1774003536222 202736.4375 87850
1774003537936 86552.5703125 87900
1774003539655 61146.046875 87950
1774003601096 357338.25 88000
1774003603052 127852.0234375 88050
1774003604798 172511.796875 88100
1774003606463 65496.125 88150
1774003608260 243310.0625 88200
1774003610049 330712.125 88250
1774003611792 186838.5 88300
1774003613517 130799.53125 88350
1774003615231 209471.8125 88400
1774003616967 235423.53125 88450
1774003618778 232993.78125 88500
1774003620533 147505.046875 88550
1774003622309 168954.078125 88600
1774003624023 291821.4375 88650
1774003625735 90842.0625 88700
1774003627453 318152.25 88750
1774003691315 307851.5 88800
1774003693367 83395.3046875 88850
1774003695138 221298.125 88900
1774003696902 205773.03125 88950
1774003698635 101413.6171875 89000
1774003700364 247626.625 89050
1774003702079 341013.46875 89100
1774003703737 325106.0 89150
1774003705545 277778.78125 89200
1774003707303 274820.1875 89250
1774003708991 179165.75 89300
1774003710801 157962.1875 89350
1774003712515 251927.109375 89400
1774003714248 161117.921875 89450
1774003715996 532576.625 89500
1774003717673 575640.875 89550
1774003780765 214700.921875 89600
1774003782639 222818.890625 89650
1774003784391 343132.9375 89700
1774003786128 247750.0 89750
1774003787899 143942.125 89800
1774003789699 203904.359375 89850
1774003791445 174704.203125 89900
1774003793249 554740.125 89950
1774003794981 115908.09375 90000
1774003796749 504658.75 90050
1774003798471 251675.1875 90100
1774003800256 201635.78125 90150
1774003802056 391379.5625 90200
1774003803837 205752.6875 90250
1774003805540 272283.25 90300
1774003807239 56447.1328125 90350
1774003873492 277566.25 90400
1774003875385 284278.0625 90450
1774003877118 293022.90625 90500
1774003878868 289539.625 90550
1774003880586 102290.65625 90600
1774003882319 271644.4375 90650
1774003884036 214507.125 90700
1774003885748 259196.21875 90750
1774003887566 254573.1875 90800
1774003889331 234123.21875 90850
1774003891063 184308.796875 90900
1774003892840 1622127.375 90950
1774003894683 570973.375 91000
1774003896448 212229.34375 91050
1774003898096 343641.21875 91100
1774003899857 370569.15625 91150
1774003962847 325905.65625 91200
1774003964774 313523.3125 91250
1774003966471 163533.03125 91300
1774003968155 631135.8125 91350
1774003969947 291519.125 91400
1774003971642 376491.875 91450
1774003973373 244224.828125 91500
1774003975115 138276.8125 91550
1774003976864 315355.0625 91600
1774003978651 246887.5625 91650
1774003980414 198766.21875 91700
1774003982182 327279.1875 91750
1774003983947 84049.703125 91800
1774003985726 168886.125 91850
1774003987487 167427.90625 91900
1774003989219 122642.1953125 91950
1774004052223 360302.9375 92000
1774004054048 320160.34375 92050
1774004055779 194112.953125 92100
1774004057492 172646.96875 92150
1774004059235 162081.0625 92200
1774004060990 242708.953125 92250
1774004062720 224308.28125 92300
1774004064573 422153.3125 92350
1774004066295 229762.625 92400
1774004068010 394909.25 92450
1774004069744 156078.046875 92500
1774004071503 161548.109375 92550
1774004073317 286380.9375 92600
1774004075029 265528.84375 92650
1774004076699 201673.96875 92700
1774004078409 270245.1875 92750
1774004141493 251534.375 92800
1774004143443 1522576.75 92850
1774004145167 638229.5 92900
1774004146969 246369.78125 92950
1774004148713 564089.4375 93000
1774004150502 288217.65625 93050
1774004152245 238626.875 93100
1774004153979 216438.828125 93150
1774004155734 316734.75 93200
1774004157483 272730.59375 93250
1774004159224 560770.75 93300
1774004160999 253089.65625 93350
1774004162743 992745.6875 93400
1774004164479 380577.71875 93450
1774004166224 595773.125 93500
1774004167906 191238.328125 93550
1774004231002 355815.53125 93600
1774004232871 308717.6875 93650
1774004234612 271418.75 93700
1774004236351 315416.8125 93750
1774004238166 328509.625 93800
1774004239956 304020.65625 93850
1774004241707 160261.21875 93900
1774004243475 120316.265625 93950
1774004245260 131115.890625 94000
1774004246980 237838.75 94050
1774004248713 354220.90625 94100
1774004250393 416527.5 94150
1774004252084 494881.53125 94200
1774004253787 290807.125 94250
1774004255652 273237.0625 94300
1774004257447 327464.03125 94350
1774004320581 159978.125 94400
1774004322454 161566.03125 94450
1774004324153 315249.21875 94500
1774004325851 199483.4375 94550
1774004327621 140396.046875 94600
1774004329327 346167.6875 94650
1774004331100 154142.375 94700
1774004332848 543501.625 94750
1774004334579 288374.875 94800
1774004336345 193752.84375 94850
1774004338076 270146.5 94900
1774004339862 116589.21875 94950
1774004341530 174626.625 95000
1774004343214 202894.765625 95050
1774004344970 496886.1875 95100
1774004346678 293319.25 95150
1774004409670 236636.34375 95200
1774004411575 230006.28125 95250
1774004413404 308172.28125 95300
1774004415165 315574.25 95350
1774004416834 145360.15625 95400
1774004418578 249899.140625 95450
1774004420301 650574.25 95500
1774004422052 234858.609375 95550
1774004423828 245227.984375 95600
1774004425611 558512.125 95650
1774004427306 282101.0625 95700
1774004429042 86737.6640625 95750
1774004430766 283080.625 95800
1774004432489 236867.265625 95850
1774004434201 158466.15625 95900
1774004435927 274375.25 95950
1774004498971 131037.828125 96000
1774004500877 134152.703125 96050
1774004502655 427179.8125 96100
1774004504327 126784.9453125 96150
1774004506102 271165.1875 96200
1774004507980 315043.125 96250
1774004509746 275336.5625 96300
1774004511498 321239.53125 96350
1774004513265 284136.4375 96400
1774004515019 201610.296875 96450
1774004516754 68711.34375 96500
1774004518499 165516.90625 96550
1774004520224 223816.40625 96600
1774004521962 307935.1875 96650
1774004523694 225572.796875 96700
1774004525418 349187.5625 96750
1774004589213 200559.5 96800
1774004591131 398932.71875 96850
1774004592861 140422.953125 96900
1774004594577 301120.875 96950
1774004596321 202063.75 97000
1774004598066 134012.4375 97050
1774004599791 243889.84375 97100
1774004601536 680418.25 97150
1774004603261 204798.3125 97200
1774004604990 204797.484375 97250
1774004606692 110201.2265625 97300
1774004608393 293254.8125 97350
1774004610135 486648.75 97400
1774004611905 206540.484375 97450
1774004613681 242933.796875 97500
1774004615505 172099.03125 97550
1774004679384 366742.75 97600
1774004681227 67207.5625 97650
1774004683063 387696.5625 97700
1774004684795 191141.09375 97750
1774004686560 150188.65625 97800
1774004688320 339449.4375 97850
1774004690080 158939.25 97900
1774004691840 239843.59375 97950
1774004693641 445349.625 98000
1774004695545 250771.015625 98050
1774004697275 288261.15625 98100
1774004699065 206611.5625 98150
1774004700845 250058.0625 98200
1774004702624 109450.8515625 98250
1774004704317 255669.953125 98300
1774004706085 258250.46875 98350
1774004770046 352152.15625 98400
1774004772016 295926.09375 98450
1774004773773 277586.1875 98500
1774004775536 441547.25 98550
1774004777242 294930.78125 98600
1774004779067 592396.25 98650
1774004780764 195645.171875 98700
1774004782524 309949.1875 98750
1774004784292 85719.828125 98800
1774004786047 577050.75 98850
1774004787872 273741.6875 98900
1774004789620 177294.796875 98950
1774004791399 180158.4375 99000
1774004793195 166130.1875 99050
1774004794892 193858.40625 99100
1774004796636 298494.5625 99150
1774004859546 290430.0 99200
1774004861401 347316.46875 99250
1774004863191 359850.9375 99300
1774004864960 596961.4375 99350
1774004866669 190885.78125 99400
1774004868454 77654.765625 99450
1774004870157 234901.625 99500
1774004871898 607907.0625 99550
1774004873640 332046.6875 99600
1774004875383 267166.0 99650
1774004877119 182049.40625 99700
1774004878891 262957.125 99750
1774004880638 338247.0625 99800
1774004882390 578525.4375 99850
1774004884149 119711.59375 99900
1774004885925 409602.625 99950
1774004949910 477134.8125 100000
1774004951925 196291.984375 100050
1774004953704 62863.76953125 100100
1774004955508 255848.671875 100150
1774004957270 113203.1171875 100200
1774004959078 395254.40625 100250
1774004960833 359743.125 100300
1774004962532 458053.0 100350
1774004964308 238789.90625 100400
1774004966048 360738.5625 100450
1774004967787 156504.28125 100500
1774004969552 197949.421875 100550
1774004971313 179334.59375 100600
1774004973087 604646.8125 100650
1774004974855 317601.34375 100700
1774004976585 336885.875 100750
1774005039647 328490.375 100800
1774005041583 196707.25 100850
1774005043375 335195.03125 100900
1774005045280 106649.640625 100950
1774005047072 202525.921875 101000
1774005048863 313685.9375 101050
1774005050579 437891.71875 101100
1774005052301 323010.5 101150
1774005054060 122334.7109375 101200
1774005055863 86556.34375 101250
1774005057616 159783.078125 101300
1774005059412 95471.703125 101350
1774005061168 170778.53125 101400
1774005062919 324269.21875 101450
1774005064664 179226.734375 101500
1774005066477 317964.90625 101550
1774005129462 223333.296875 101600
1774005131399 193154.421875 101650
1774005133210 319354.6875 101700
1774005134930 300523.59375 101750
1774005136676 89579.5390625 101800
1774005138432 246747.15625 101850
1774005140198 1486437.5 101900
1774005142022 265303.84375 101950
1774005143765 274946.1875 102000
1774005145457 348461.3125 102050
1774005147193 81278.984375 102100
1774005148987 233847.1875 102150
1774005150746 30667.8828125 102200
1774005152492 199751.21875 102250
1774005154218 264837.4375 102300
1774005156005 283608.125 102350
1774005217339 179367.3125 102400
1774005219241 324560.6875 102450
1774005221027 322570.78125 102500
1774005222722 229334.25 102550
1774005224530 21894.439453125 102600
1774005226396 209801.875 102650
1774005228152 347842.4375 102700
1774005229916 242284.140625 102750
1774005231746 99570.4296875 102800
1774005233561 173015.3125 102850
1774005235335 247993.234375 102900
1774005237179 89879.7734375 102950
1774005238973 271189.65625 103000
1774005240728 290790.15625 103050
1774005242554 252706.234375 103100
1774005244304 202084.140625 103150
1774005307377 111919.015625 103200
1774005309176 285418.5625 103250
1774005310890 158230.265625 103300
1774005312679 299365.0 103350
1774005314414 264709.4375 103400
1774005316170 649064.25 103450
1774005317975 235220.15625 103500
1774005319721 118689.15625 103550
1774005321505 315616.03125 103600
1774005323303 313579.125 103650
1774005325063 291108.75 103700
1774005326850 118444.9921875 103750
1774005328577 192370.34375 103800
1774005330339 180764.375 103850
1774005332197 107797.609375 103900
1774005333995 299523.28125 103950
1774005395432 415512.03125 104000
1774005397359 205140.390625 104050
1774005399199 542348.125 104100
1774005400944 293196.53125 104150
1774005402656 288843.40625 104200
1774005404420 501533.40625 104250
1774005406146 312481.1875 104300
1774005407957 230171.109375 104350
1774005409663 279878.75 104400
1774005411412 285550.25 104450
1774005413183 182289.3125 104500
1774005414943 187503.765625 104550
1774005416640 204862.703125 104600
1774005418402 219877.28125 104650
1774005420201 182125.5625 104700
1774005421963 275864.8125 104750
1774005484991 423329.28125 104800
1774005486999 210053.734375 104850
1774005488764 94091.8046875 104900
1774005490549 195809.921875 104950
1774005492326 230816.21875 105000
1774005494101 198533.59375 105050
1774005495872 125813.6875 105100
1774005497652 253755.953125 105150
1774005499448 92160.3125 105200
1774005501191 291426.15625 105250
1774005502939 192360.171875 105300
1774005504748 365129.65625 105350
1774005506586 282610.875 105400
1774005508329 220041.8125 105450
1774005510117 403329.125 105500
1774005511907 160749.75 105550
1774005574995 224433.765625 105600
1774005576908 294304.90625 105650
1774005578658 353406.625 105700
1774005580418 348938.90625 105750
1774005582182 248189.21875 105800
1774005583946 152630.78125 105850
1774005585743 460136.0625 105900
1774005587452 404709.96875 105950
1774005589220 295140.3125 106000
1774005591000 272266.0625 106050
1774005592895 295495.625 106100
1774005594725 423592.8125 106150
1774005596486 72571.9609375 106200
1774005598276 172725.375 106250
1774005600045 144937.125 106300
1774005601821 167963.15625 106350
1774005663182 194883.671875 106400
1774005665051 381765.3125 106450
1774005666842 215864.09375 106500
1774005668586 482355.4375 106550
1774005670335 253692.125 106600
1774005672129 61769.0 106650
1774005673925 146815.484375 106700
1774005675685 54662.2734375 106750
1774005677454 200496.921875 106800
1774005679235 411772.65625 106850
1774005680985 278142.625 106900
1774005682760 222569.71875 106950
1774005684555 115795.2734375 107000
1774005686280 191089.140625 107050
1774005688031 100468.21875 107100
1774005689749 225007.71875 107150
1774005752633 230871.125 107200
1774005754489 226853.484375 107250
1774005756257 196842.90625 107300
1774005758048 244318.453125 107350
1774005759743 390317.1875 107400
1774005761507 217018.25 107450
1774005763280 249738.828125 107500
1774005765005 190822.96875 107550
1774005766830 215355.578125 107600
1774005768575 336005.125 107650
1774005770371 1472875.625 107700
1774005772128 332330.40625 107750
1774005773940 258048.3125 107800
1774005775704 329392.59375 107850
1774005777417 1532853.875 107900
1774005779187 141350.875 107950
1774005840732 242813.078125 108000
1774005842665 206260.75 108050
1774005844415 337638.0625 108100
1774005846259 197862.8125 108150
1774005848018 323283.5 108200
1774005849766 435652.5 108250
1774005851528 235538.59375 108300
1774005853302 246424.21875 108350
1774005855061 197170.25 108400
1774005856856 257026.25 108450
1774005858598 258000.453125 108500
1774005860376 143337.484375 108550
1774005862157 324370.71875 108600
1774005863933 61931.1171875 108650
1774005865702 125211.203125 108700
1774005867431 416928.5625 108750
1774005933695 254339.5625 108800
1774005935567 161832.34375 108850
1774005937315 201028.046875 108900
1774005939097 539929.875 108950
1774005941029 262493.21875 109000
1774005942804 268541.25 109050
1774005944539 295905.53125 109100
1774005946257 283275.84375 109150
1774005948055 294040.625 109200
1774005949821 243634.96875 109250
1774005951567 249854.21875 109300
1774005953337 261935.765625 109350
1774005955100 253674.640625 109400
1774005956844 405031.4375 109450
1774005958651 201239.84375 109500
1774005960428 136258.609375 109550
1774006023520 129227.765625 109600
1774006025428 228727.203125 109650
1774006027300 98634.7421875 109700
1774006029051 141318.65625 109750
1774006030782 178266.4375 109800
1774006032533 284207.21875 109850
1774006034341 204460.03125 109900
1774006036123 349458.6875 109950
1774006037948 531903.625 110000
1774006039676 260072.359375 110050
1774006041507 385069.6875 110100
1774006043276 117745.6953125 110150
1774006044994 169307.5 110200
1774006046804 406757.0 110250
1774006048568 408950.625 110300
1774006050369 220660.71875 110350
1774006113388 285771.3125 110400
1774006115313 288657.78125 110450
1774006117106 240154.65625 110500
1774006118926 183911.28125 110550
1774006120726 197693.625 110600
1774006122475 350201.03125 110650
1774006124274 352184.375 110700
1774006126066 286111.4375 110750
1774006127812 199476.390625 110800
1774006129598 319536.5 110850
1774006131392 319362.90625 110900
1774006133187 343394.9375 110950
1774006134885 308786.875 111000
1774006136633 360230.5 111050
1774006138407 189797.328125 111100
1774006140184 664155.375 111150
1774006201643 221554.40625 111200
1774006203504 253180.25 111250
1774006205265 165734.125 111300
1774006207110 128407.3046875 111350
1774006208843 259428.8125 111400
1774006210662 184296.25 111450
1774006212459 121887.4765625 111500
1774006214214 434946.03125 111550
1774006215986 375263.34375 111600
1774006217732 131958.796875 111650
1774006219658 419013.375 111700
1774006221409 162406.9375 111750
1774006223202 146645.546875 111800
1774006224951 238488.21875 111850
1774006226737 408547.75 111900
1774006228515 323967.3125 111950
1774006289971 135525.328125 112000
1774006291903 237952.578125 112050
1774006293660 205598.640625 112100
1774006295423 226764.78125 112150
1774006297216 163783.46875 112200
1774006298948 145827.8125 112250
1774006300760 186365.875 112300
1774006302486 205934.0625 112350
1774006304278 269235.625 112400
1774006306087 122453.2734375 112450
1774006307850 431439.6875 112500
1774006309604 265500.75 112550
1774006311354 139145.046875 112600
1774006313189 136645.3125 112650
1774006314981 202030.734375 112700
1774006316873 272782.6875 112750
1774006378347 59561.5 112800
1774006380285 218242.375 112850
1774006382034 385466.6875 112900
1774006383813 362038.71875 112950
1774006385549 112825.046875 113000
1774006387339 365007.0625 113050
1774006389197 144101.453125 113100
1774006390944 249649.0 113150
1774006392697 183648.9375 113200
1774006394456 318207.875 113250
1774006396264 345458.53125 113300
1774006398004 154153.71875 113350
1774006399864 278975.375 113400
1774006401656 250905.359375 113450
1774006403448 363392.1875 113500
1774006405257 302515.6875 113550
1774006469222 391134.25 113600
1774006471197 138009.765625 113650
1774006472969 659469.5625 113700
1774006474756 154931.34375 113750
1774006476517 290474.84375 113800
1774006478351 213702.515625 113850
1774006480223 118980.234375 113900
1774006482038 333258.40625 113950
1774006483798 218086.9375 114000
1774006485551 117678.1328125 114050
1774006487330 207424.25 114100
1774006489142 133101.09375 114150
1774006490932 423643.1875 114200
1774006492661 190833.40625 114250
1774006494403 205474.0625 114300
1774006496195 1647124.25 114350
1774006559345 137196.625 114400
1774006561285 288937.40625 114450
1774006563137 210288.140625 114500
1774006564894 163588.71875 114550
1774006566683 314885.5 114600
1774006568452 92800.25 114650
1774006570247 374638.21875 114700
1774006572009 362207.3125 114750
1774006573773 1461464.875 114800
1774006575537 300765.0 114850
1774006577302 408845.09375 114900
1774006579086 300408.3125 114950
1774006580836 155055.3125 115000
1774006582618 273706.0 115050
1774006584334 290185.125 115100
1774006586064 426269.4375 115150
1774006649216 303345.9375 115200
1774006651163 339652.3125 115250
1774006652940 365649.125 115300
1774006654669 241851.25 115350
1774006656595 257618.625 115400
1774006658395 115956.84375 115450
1774006660153 53596.4609375 115500
1774006661922 301015.15625 115550
1774006663680 462054.0625 115600
1774006665415 133165.59375 115650
1774006667205 375787.25 115700
1774006669019 146090.375 115750
1774006670781 184117.1875 115800
1774006672554 260846.328125 115850
1774006674296 155364.359375 115900
1774006676101 206263.21875 115950
1774006737593 240549.90625 116000
1774006739608 132692.125 116050
1774006741416 219566.9375 116100
1774006743209 141156.796875 116150
1774006744931 263506.28125 116200
1774006746760 318439.1875 116250
1774006748536 176665.125 116300
1774006750390 245286.84375 116350
1774006752122 1391137.25 116400
1774006754008 296844.25 116450
1774006755784 194540.375 116500
1774006757517 384398.40625 116550
1774006759296 201097.59375 116600
1774006761057 252039.53125 116650
1774006762777 54912.84375 116700
1774006764538 491770.71875 116750
1774006827605 254544.9375 116800
1774006829576 293901.625 116850
1774006831352 146217.5 116900
1774006833099 292199.6875 116950
1774006834844 40029.70703125 117000
1774006836648 81174.4140625 117050
1774006838445 188661.28125 117100
1774006840303 181512.3125 117150
1774006842050 247368.109375 117200
1774006843820 111767.140625 117250
1774006845594 291609.875 117300
1774006847343 287982.875 117350
1774006849135 217575.453125 117400
1774006850931 689625.0 117450
1774006852773 340552.9375 117500
1774006854556 372508.09375 117550
1774006917757 157790.578125 117600
1774006919691 333388.5625 117650
1774006921488 343480.0 117700
1774006923292 269668.0 117750
1774006925132 398866.0 117800
1774006926944 281333.96875 117850
1774006928751 395388.5625 117900
1774006930609 308004.96875 117950
1774006932370 363361.0 118000
1774006934246 355340.9375 118050
1774006936033 481570.625 118100
1774006937814 279540.0 118150
1774006939589 184563.0625 118200
1774006941363 146917.546875 118250
1774006943141 264914.46875 118300
1774006944891 184756.578125 118350
1774007006337 441744.15625 118400
1774007008291 134928.109375 118450
1774007010084 268189.125 118500
1774007011795 425624.375 118550
1774007013552 274328.5 118600
1774007015347 331892.8125 118650
1774007017218 296328.4375 118700
1774007019009 185450.28125 118750
1774007020758 396253.5 118800
1774007022536 77098.625 118850
1774007024304 173732.625 118900
1774007026112 171478.09375 118950
1774007027904 245322.40625 119000
1774007029670 549006.0 119050
1774007031458 89441.703125 119100
1774007033386 256716.328125 119150
1774007094902 58687.21484375 119200
1774007096874 101030.9296875 119250
1774007098628 518293.125 119300
1774007100374 558787.875 119350
1774007102115 262798.75 119400
1774007103921 256007.015625 119450
1774007105780 88904.875 119500
1774007107627 253466.90625 119550
1774007109415 370897.3125 119600
1774007111246 106473.3515625 119650
1774007112974 227955.4375 119700
1774007114741 259546.28125 119750
1774007116532 206255.609375 119800
1774007118264 64605.28515625 119850
1774007120058 92148.640625 119900
1774007121885 134639.5625 119950
1774007184470 160663.96875 120000
1774007186494 337521.0 120050
1774007188542 237525.640625 120100
1774007190578 146168.28125 120150
1774007192460 212170.5 120200
1774007194291 326955.4375 120250
1774007196215 288894.96875 120300
1774007198080 423800.8125 120350
1774007200000 221200.15625 120400
1774007201811 165622.5 120450
1774007203660 357549.71875 120500
1774007205472 168826.609375 120550
1774007207233 353728.25 120600
1774007208978 436202.0625 120650
1774007210764 229084.546875 120700
1774007212579 94027.265625 120750
1774007275631 290938.1875 120800
1774007277694 513479.9375 120850
1774007279504 215149.046875 120900
1774007281383 141025.921875 120950
1774007283155 461280.84375 121000
1774007284946 509016.9375 121050
1774007286747 384150.6875 121100
1774007288570 150756.484375 121150
1774007290371 254660.71875 121200
1774007292200 151227.28125 121250
1774007293982 178197.90625 121300
1774007295772 219340.0 121350
1774007297597 141967.96875 121400
1774007299423 303409.5625 121450
1774007301250 86992.4453125 121500
1774007303039 518095.5625 121550
1774007366290 363378.625 121600
1774007368218 491557.25 121650
1774007369971 118038.515625 121700
1774007371811 223155.40625 121750
1774007373635 254882.5625 121800
1774007375441 602527.0625 121850
1774007377261 255899.84375 121900
1774007378999 210187.96875 121950
1774007380800 278272.625 122000
1774007382583 409148.6875 122050
1774007384425 198051.359375 122100
1774007386241 146357.421875 122150
1774007388070 369232.375 122200
1774007389864 158069.4375 122250
1774007391646 272578.0625 122300
1774007393512 230737.015625 122350
1774007461421 146589.75 122400
1774007463334 171533.9375 122450
1774007465151 192600.9375 122500
1774007467019 194129.59375 122550
1774007468856 115286.03125 122600
1774007470680 233237.90625 122650
1774007472551 253465.3125 122700
1774007474467 494042.90625 122750
1774007476292 417912.875 122800
1774007478279 194680.40625 122850
1774007480145 127906.640625 122900
1774007481974 212260.78125 122950
1774007483852 378740.75 123000
1774007485834 264075.46875 123050
1774007487710 455857.28125 123100
1774007489586 117384.84375 123150
1774007562425 235927.984375 123200
1774007564602 590037.875 123250
1774007566435 103092.3125 123300
1774007568329 468181.21875 123350
1774007570218 297735.53125 123400
1774007572110 360629.0 123450
1774007573908 156382.671875 123500
1774007575779 177243.328125 123550
1774007577646 210285.28125 123600
1774007579535 163184.828125 123650
1774007581394 267897.5 123700
1774007583285 595180.75 123750
1774007585144 269376.3125 123800
1774007586995 71508.875 123850
1774007588987 170010.4375 123900
1774007590856 42769.921875 123950
1774007660477 493048.6875 124000
1774007662505 506327.0625 124050
1774007664389 218541.3125 124100
1774007666244 185243.1875 124150
1774007668090 174484.4375 124200
1774007669948 214447.0 124250
1774007671884 244513.0 124300
1774007673719 202944.8125 124350
1774007675601 246641.40625 124400
1774007677478 511595.15625 124450
1774007679361 110197.03125 124500
1774007681263 342025.8125 124550
1774007683232 57882.49609375 124600
1774007685078 195975.09375 124650
1774007686903 305942.96875 124700
1774007688750 184983.796875 124750
1774007756767 109775.46875 124800
1774007758841 99830.0390625 124850
1774007760638 169595.921875 124900
1774007762511 308722.875 124950
1774007764413 79332.3515625 125000
1774007766233 218080.53125 125050
1774007768056 205193.59375 125100
1774007769946 224278.96875 125150
1774007771791 258356.5625 125200
1774007773677 233531.515625 125250
1774007775528 149266.171875 125300
1774007777415 167109.59375 125350
1774007779289 190094.6875 125400
1774007781186 91408.171875 125450
1774007783040 281983.75 125500
1774007784915 167012.796875 125550
1774007854515 289737.03125 125600
1774007856656 93442.140625 125650
1774007858513 155247.765625 125700
1774007860341 209279.53125 125750
1774007862175 94415.203125 125800
1774007864083 218193.796875 125850
1774007865947 197902.109375 125900
1774007867793 229289.453125 125950
1774007869647 237097.1875 126000
1774007871533 233168.78125 126050
1774007873406 159817.203125 126100
1774007875293 284594.90625 126150
1774007877086 315682.25 126200
1774007878960 267197.625 126250
1774007880792 222251.90625 126300
1774007882697 169266.984375 126350
1774007952568 253250.515625 126400
1774007954639 228494.59375 126450
1774007956515 263873.53125 126500
1774007958385 262867.5 126550
1774007960204 269988.65625 126600
1774007962134 128850.9375 126650
1774007964056 325079.375 126700
1774007965986 248362.34375 126750
1774007967791 230738.859375 126800
1774007969679 549479.875 126850
1774007971488 365216.09375 126900
1774007973393 243593.6875 126950
1774007975276 196372.609375 127000
1774007977141 783598.8125 127050
1774007979043 340670.0 127100
1774007980892 341489.1875 127150
1774008048983 437475.15625 127200
1774008050924 298396.5625 127250
1774008052750 213022.890625 127300
1774008054579 349167.8125 127350
1774008056470 626974.0 127400
1774008058444 262487.71875 127450
1774008060302 136192.53125 127500
1774008062136 527352.375 127550
1774008064051 94721.015625 127600
1774008065864 584919.5625 127650
1774008067759 209798.3125 127700
1774008069617 263601.15625 127750
1774008071438 226209.96875 127800
1774008073308 273591.4375 127850
1774008075185 178004.6875 127900
1774008077044 145563.78125 127950
1774008144969 143560.640625 128000
1774008146964 249540.140625 128050
1774008148856 268246.625 128100
1774008150823 282273.65625 128150
1774008152716 482843.4375 128200
1774008154551 288439.0 128250
1774008156482 156058.25 128300
1774008158334 222357.53125 128350
1774008160204 603890.1875 128400
1774008162010 155336.6875 128450
1774008163865 395445.4375 128500
1774008165751 185569.640625 128550
1774008167579 244472.625 128600
1774008169459 496567.84375 128650
1774008171301 246121.4375 128700
1774008173143 129019.046875 128750
1774008243639 228068.46875 128800
1774008245738 177509.09375 128850
1774008247642 205821.390625 128900
1774008249532 144589.140625 128950
1774008251373 493751.1875 129000
1774008253311 227321.375 129050
1774008255199 156531.03125 129100
1774008257042 161247.390625 129150
1774008258908 74511.734375 129200
1774008260749 195434.1875 129250
1774008262657 191980.34375 129300
1774008264593 238657.734375 129350
1774008266411 287134.90625 129400
1774008268341 285116.5625 129450
1774008270197 220134.421875 129500
1774008272095 234016.578125 129550
1774008341817 214924.25 129600
1774008343917 384647.21875 129650
1774008345871 451791.125 129700
1774008347701 187167.8125 129750
1774008349552 102261.5390625 129800
1774008351479 264820.9375 129850
1774008353308 333407.0625 129900
1774008355177 214926.84375 129950
1774008357204 218581.96875 130000
1774008359074 217353.6875 130050
1774008360927 213974.6875 130100
1774008362783 180623.15625 130150
1774008364649 410291.6875 130200
1774008366558 88253.125 130250
1774008368454 200398.015625 130300
1774008370354 311751.09375 130350
1774008438324 295998.15625 130400
1774008440399 184472.203125 130450
1774008442275 252939.5 130500
1774008444118 215668.0 130550
1774008445955 148591.296875 130600
1774008447801 94592.421875 130650
1774008449685 113657.34375 130700
1774008451551 124057.1171875 130750
1774008453497 145499.328125 130800
1774008455397 234934.3125 130850
1774008457257 249963.046875 130900
1774008459105 249302.296875 130950
1774008461136 494817.71875 131000
1774008463067 247793.03125 131050
1774008464928 418095.59375 131100
1774008466787 209192.75 131150
1774008536535 319697.8125 131200
1774008538741 434648.875 131250
1774008540744 147663.953125 131300
1774008542741 191434.984375 131350
1774008544613 206048.015625 131400
1774008546558 247233.71875 131450
1774008548551 246377.296875 131500
1774008550656 162169.796875 131550
1774008552900 357012.96875 131600
1774008554836 114820.3984375 131650
1774008556914 102282.25 131700
1774008558872 249326.59375 131750
1774008560719 284570.625 131800
1774008562646 113190.265625 131850
1774008564588 550514.5 131900
1774008566518 250469.78125 131950
1774008639723 399444.40625 132000
1774008641871 142118.0625 132050
1774008643806 104687.953125 132100
1774008645715 170373.609375 132150
1774008647655 358427.875 132200
1774008649569 122503.875 132250
1774008651460 273874.0625 132300
1774008653279 171609.546875 132350
1774008655185 324519.875 132400
1774008657114 405287.5625 132450
1774008659001 188054.828125 132500
1774008660860 55931.39453125 132550
1774008662778 224830.578125 132600
1774008664600 85513.765625 132650
1774008666463 154831.03125 132700
1774008668404 162845.75 132750
1774008736265 377148.21875 132800
1774008738396 296601.6875 132850
1774008740330 243039.625 132900
1774008742235 139569.84375 132950
1774008744094 144349.1875 133000
1774008746144 313734.75 133050
1774008748022 388104.71875 133100
1774008749960 376916.4375 133150
1774008751855 107043.390625 133200
1774008753720 199237.125 133250
1774008755575 276388.3125 133300
1774008757492 288850.9375 133350
1774008759400 223558.125 133400
1774008761271 581079.25 133450
1774008763112 235448.375 133500
1774008765034 186285.484375 133550
1774008835840 258593.609375 133600
1774008837907 254823.078125 133650
1774008839818 402979.0625 133700
1774008841740 240593.09375 133750
1774008843761 280128.90625 133800
1774008845566 313105.75 133850
1774008847435 154917.8125 133900
1774008849297 262672.25 133950
1774008851226 153667.515625 134000
1774008853132 306395.3125 134050
1774008855151 130800.8125 134100
1774008857016 238989.1875 134150
1774008858932 247240.46875 134200
1774008860805 91500.1328125 134250
1774008862675 138937.21875 134300
1774008864559 283928.0625 134350
1774008934321 341656.125 134400
1774008936500 203817.921875 134450
1774008938430 158480.3125 134500
1774008940340 262346.25 134550
1774008942240 317359.75 134600
1774008944156 247944.09375 134650
1774008946118 423689.5 134700
1774008948042 390561.375 134750
1774008949993 165196.3125 134800
1774008951912 422270.96875 134850
1774008953866 404021.21875 134900
1774008955740 196780.765625 134950
1774008957825 428244.1875 135000
1774008959715 374307.21875 135050
1774008961550 360228.96875 135100
1774008963434 300451.25 135150
1774009031773 205999.078125 135200
1774009033844 250396.53125 135250
1774009035712 102395.8515625 135300
1774009037612 215480.375 135350
1774009039558 174181.125 135400
1774009041416 250562.0625 135450
1774009043360 363965.59375 135500
1774009045217 282072.5625 135550
1774009047140 154343.46875 135600
1774009049050 184415.53125 135650
1774009050915 356271.4375 135700
1774009052843 307652.8125 135750
1774009054872 227737.546875 135800
1774009056757 222149.90625 135850
1774009058648 255687.96875 135900
1774009060585 240941.6875 135950
1774009128741 331616.125 136000
1774009130835 133391.046875 136050
1774009132772 179966.109375 136100
1774009134703 183138.96875 136150
1774009136669 124309.5859375 136200
1774009138676 230470.15625 136250
1774009140613 173633.5625 136300
1774009142551 234709.734375 136350
1774009144469 98520.46875 136400
1774009146454 221987.40625 136450
1774009148308 315153.0 136500
1774009150367 225574.828125 136550
1774009152258 356609.875 136600
1774009154265 403961.28125 136650
1774009156204 395786.375 136700
1774009158075 245881.390625 136750
1774009226352 298084.25 136800
1774009228442 272835.4375 136850
1774009230328 192630.15625 136900
1774009232247 104005.6328125 136950
1774009234216 224923.390625 137000
1774009236128 374207.53125 137050
1774009238007 311972.3125 137100
1774009239930 424149.9375 137150
1774009241821 263021.0 137200
1774009243694 239006.453125 137250
1774009245648 124540.6640625 137300
1774009247511 583694.25 137350
1774009249432 300904.375 137400
1774009251314 244546.28125 137450
1774009253387 114071.7109375 137500
1774009255331 160130.546875 137550
1774009323461 174070.375 137600
1774009325541 283462.4375 137650
1774009327492 230627.875 137700
1774009329379 134349.0 137750
1774009331293 306415.875 137800
1774009333190 273789.0625 137850
1774009335143 207972.46875 137900
1774009337002 59469.6953125 137950
1774009338877 114814.0625 138000
1774009340812 199940.53125 138050
1774009342718 289330.25 138100
1774009344628 269197.5625 138150
1774009346538 279110.0625 138200
1774009348456 238022.15625 138250
1774009350313 168800.859375 138300
1774009352219 238283.5625 138350
1774009422131 497815.5625 138400
1774009424182 275717.15625 138450
1774009426121 415973.375 138500
1774009427991 427360.96875 138550
1774009429928 86552.8671875 138600
1774009431947 478749.6875 138650
1774009433892 282181.90625 138700
1774009435791 334663.625 138750
1774009437740 265226.8125 138800
1774009439639 237411.0625 138850
1774009441530 132233.28125 138900
1774009443481 282955.09375 138950
1774009445416 127949.1953125 139000
1774009447306 292357.75 139050
1774009449248 307251.78125 139100
1774009451186 156291.390625 139150
1774009519486 272168.71875 139200
1774009521585 113685.203125 139250
1774009523568 425781.6875 139300
1774009525460 81308.5625 139350
1774009527397 204094.890625 139400
1774009529245 533239.0 139450
1774009531197 437551.5625 139500
1774009533079 256713.453125 139550
1774009535017 484558.28125 139600
1774009536894 1506995.75 139650
1774009538929 505256.4375 139700
1774009540869 413608.3125 139750
1774009542773 187815.859375 139800
1774009544688 526700.75 139850
1774009546644 246799.875 139900
1774009548535 503310.3125 139950
1774009616656 749904.0 140000
1774009618707 749363.5625 140050
1774009620698 98006.71875 140100
1774009622563 157743.4375 140150
1774009624557 155916.578125 140200
1774009626454 92461.296875 140250
1774009628355 392477.34375 140300
1774009630240 659738.375 140350
1774009632311 126596.0859375 140400
1774009634258 184182.5625 140450
1774009636149 182557.40625 140500
1774009638050 194802.734375 140550
1774009639987 66133.171875 140600
1774009641904 112778.046875 140650
1774009643866 194869.859375 140700
1774009645794 275305.375 140750
1774009716591 122479.3125 140800
1774009718615 165797.546875 140850
1774009720583 284199.40625 140900
1774009722499 132500.46875 140950
1774009724453 206788.0625 141000
1774009726340 139816.96875 141050
1774009728238 370391.25 141100
1774009730156 135582.4375 141150
1774009732085 179276.046875 141200
1774009734089 285643.84375 141250
1774009736030 349721.9375 141300
1774009737984 205795.96875 141350
1774009739921 431355.375 141400
1774009741782 189083.703125 141450
1774009743693 141143.953125 141500
1774009745767 130841.953125 141550
1774009816616 218220.546875 141600
1774009818844 166312.234375 141650
1774009820773 135771.78125 141700
1774009822669 145053.375 141750
1774009824566 70050.1953125 141800
1774009826537 392913.625 141850
1774009828519 219980.15625 141900
1774009830510 175017.25 141950
1774009832457 192520.90625 142000
1774009834405 339569.65625 142050
1774009836355 270487.3125 142100
1774009838315 217026.484375 142150
1774009840379 166338.328125 142200
1774009842253 283101.5625 142250
1774009844263 239954.0625 142300
1774009846173 214864.953125 142350
1774009914494 269457.65625 142400
1774009916597 669477.0625 142450
1774009918584 500593.0625 142500
1774009920503 428816.90625 142550
1774009922469 183465.71875 142600
1774009924374 177958.09375 142650
1774009926290 226530.015625 142700
1774009928194 229107.75 142750
1774009930135 523605.71875 142800
1774009932057 548115.25 142850
1774009933999 334919.09375 142900
1774009936044 281973.6875 142950
1774009937993 312219.25 143000
1774009939874 322668.9375 143050
1774009941765 483384.53125 143100
1774009943663 130858.5390625 143150
1774010011933 176425.890625 143200
1774010014151 331695.53125 143250
1774010016040 219015.25 143300
1774010017961 244576.171875 143350
1774010020029 268743.96875 143400
1774010021924 460344.96875 143450
1774010023806 403224.875 143500
1774010025716 132665.125 143550
1774010027673 135149.34375 143600
1774010029572 330360.25 143650
1774010031475 84372.4921875 143700
1774010033407 496873.71875 143750
1774010035341 389111.375 143800
1774010037292 118714.546875 143850
1774010039163 81990.2890625 143900
1774010041137 268513.4375 143950
1774010111208 165396.15625 144000
1774010113272 620974.4375 144050
1774010115220 198077.3125 144100
1774010117230 416501.75 144150
1774010119234 131918.71875 144200
1774010121176 286925.25 144250
1774010123111 177145.640625 144300
1774010125024 347408.625 144350
1774010127082 125035.625 144400
1774010129032 546669.5 144450
1774010130940 330576.84375 144500
1774010132861 348580.75 144550
1774010134863 198292.578125 144600
1774010136753 67037.0703125 144650
1774010138641 170174.609375 144700
1774010140616 281903.8125 144750
1774010213747 409970.21875 144800
1774010215860 468504.1875 144850
1774010217936 422363.59375 144900
1774010219755 487574.3125 144950
1774010221702 171668.5 145000
1774010223589 175238.09375 145050
1774010225505 471411.90625 145100
1774010227388 172680.34375 145150
1774010229351 191131.09375 145200
1774010231252 281367.75 145250
1774010233204 250546.609375 145300
1774010235126 209295.5625 145350
1774010237082 429846.65625 145400
1774010238997 188266.125 145450
1774010240934 361379.75 145500
1774010242900 228229.1875 145550
1774010311119 180331.859375 145600
1774010313322 358455.4375 145650
1774010315248 305835.3125 145700
1774010317107 294443.28125 145750
1774010319034 273651.21875 145800
1774010320941 108228.625 145850
1774010322836 348819.9375 145900
1774010324765 451025.34375 145950
1774010326809 201550.90625 146000
1774010328710 336901.9375 146050
1774010330622 193140.46875 146100
1774010332561 185819.375 146150
1774010334517 311330.9375 146200
1774010336398 366037.375 146250
1774010338322 424924.96875 146300
1774010340250 193608.4375 146350
1774010408467 428174.375 146400
1774010410686 359750.71875 146450
1774010412746 433144.8125 146500
1774010414642 207524.875 146550
1774010416589 326674.03125 146600
1774010418492 268127.4375 146650
1774010420433 181613.09375 146700
1774010422399 432850.875 146750
1774010424359 129018.546875 146800
1774010426325 113948.3984375 146850
1774010428284 475663.34375 146900
1774010430248 148047.5 146950
1774010432163 285257.78125 147000
1774010434131 294021.34375 147050
1774010436080 194735.140625 147100
1774010438041 259305.265625 147150
1774010510628 199310.25 147200
1774010512800 89744.8125 147250
1774010514696 97579.8125 147300
1774010516633 188628.9375 147350
1774010518617 428123.46875 147400
1774010520571 134645.25 147450
1774010522706 154324.578125 147500
1774010524659 162114.5 147550
1774010526728 275973.4375 147600
1774010528780 521122.4375 147650
1774010530796 312481.0625 147700
1774010532714 107287.6015625 147750
1774010534707 283268.59375 147800
1774010536671 465719.625 147850
1774010538681 174594.40625 147900
1774010540725 211751.328125 147950
1774010612489 162509.765625 148000
1774010614653 401038.0 148050
1774010616703 288227.65625 148100
1774010618797 693674.9375 148150
1774010620771 198515.3125 148200
1774010622699 375881.0625 148250
1774010624764 326586.8125 148300
1774010626718 308479.8125 148350
1774010628731 296836.0625 148400
1774010630807 190943.28125 148450
1774010632842 306760.75 148500
1774010634830 164599.9375 148550
1774010636813 557031.5 148600
1774010638793 143326.15625 148650
1774010640748 426895.625 148700
1774010642643 346194.21875 148750
1774010714624 292728.90625 148800
1774010716841 369413.625 148850
1774010718849 381877.0625 148900
1774010720812 229455.75 148950
1774010722786 222187.4375 149000
1774010724815 197424.75 149050
1774010726879 79582.9375 149100
1774010729017 346742.375 149150
1774010731042 269591.9375 149200
1774010733083 528420.625 149250
1774010735143 318503.71875 149300
1774010737179 550150.6875 149350
1774010739171 309461.625 149400
1774010741175 163975.09375 149450
1774010743166 136785.546875 149500
1774010745081 283476.125 149550
1774010820249 193534.53125 149600
1774010822511 198037.6875 149650
1774010824532 287257.4375 149700
1774010826600 174224.703125 149750
1774010828667 433967.46875 149800
1774010830600 317273.0 149850
1774010832593 64385.671875 149900
1774010834713 220588.40625 149950
1774010836725 369314.75 150000
1774010838748 316605.3125 150050
1774010840661 205682.03125 150100
1774010842692 530248.1875 150150
1774010844563 357430.0 150200
1774010846477 276036.90625 150250
1774010848500 186236.078125 150300
1774010850539 344813.75 150350
1773993487161 139964.53125 0
