1773993487161 266311.0 0
1773993489915 189653.0 50
1773993492469 162536.0 100
1773993495361 347548.0 150
1773993497773 153131.0 200
1773993499889 328449.0 250
1773993502113 361087.0 300
1773993504275 238380.0 350
1773993506284 364072.0 400
1773993508338 245200.0 450
1773993510365 307596.0 500
1773993512317 314915.0 550
1773993514087 596380.0 600
1773993515755 160039.0 650
1773993517633 209700.0 700
1773993519529 234937.0 750
1773993603793 194915.0 800
1773993605777 194861.0 850
1773993607611 153773.0 900
1773993609415 237198.0 950
1773993611210 91203.0 1000
1773993612959 236631.0 1050
1773993614657 569668.0 1100
1773993616419 328842.0 1150
1773993618138 128959.0 1200
1773993620242 566185.0 1250
1773993621910 260150.0 1300
1773993623634 157174.0 1350
1773993625298 108488.0 1400
1773993626926 255237.0 1450
1773993628558 153423.0 1500
1773993630222 283219.0 1550
1773993700089 273428.0 1600
1773993701944 351096.0 1650
1773993703596 72316.0 1700
1773993705324 275342.0 1750
1773993707248 297974.0 1800
1773993708957 241167.0 1850
1773993710608 237093.0 1900
1773993712249 180700.0 1950
1773993713905 454487.0 2000
1773993715521 233339.0 2050
1773993717166 674286.0 2100
1773993718820 287106.0 2150
1773993720503 59478.0 2200
1773993722104 220629.0 2250
1773993723713 252431.0 2300
1773993725396 259906.0 2350
1773993794732 260761.0 2400
1773993796505 133729.0 2450
1773993798130 337263.0 2500
1773993799775 71009.0 2550
1773993801418 170594.0 2600
1773993803060 451927.0 2650
1773993804675 238541.0 2700
1773993806296 151835.0 2750
1773993807895 146881.0 2800
1773993809545 101643.0 2850
1773993811167 211881.0 2900
1773993812768 225324.0 2950
1773993814466 569629.0 3000
1773993816068 211382.0 3050
1773993817731 211798.0 3100
1773993819356 189158.0 3150
1773993891933 224906.0 3200
1773993893753 256360.0 3250
1773993895435 275807.0 3300
1773993897072 233855.0 3350
1773993898731 367325.0 3400
1773993900352 362207.0 3450
1773993901959 361470.0 3500
1773993903590 315284.0 3550
1773993905275 346159.0 3600
1773993906969 97575.0 3650
1773993908554 323362.0 3700
1773993910156 216116.0 3750
1773993911808 184878.0 3800
1773993913408 123858.0 3850
1773993915021 682975.0 3900
1773993916660 204153.0 3950
1773993984369 573510.0 4000
1773993986198 74678.0 4050
1773993987805 424799.0 4100
1773993989478 165262.0 4150
1773993991123 401151.0 4200
1773993992815 180309.0 4250
1773993994398 275992.0 4300
1773993996059 70177.0 4350
1773993997670 569315.0 4400
1773993999279 141637.0 4450
1773994000835 241395.0 4500
1773994002535 178810.0 4550
1773994004130 442700.0 4600
1773994005742 203843.0 4650
1773994007445 228717.0 4700
1773994009101 343079.0 4750
1773994078213 571219.0 4800
1773994079988 131823.0 4850
1773994081623 257610.0 4900
1773994083240 166034.0 4950
1773994084880 265258.0 5000
1773994086580 367181.0 5050
1773994088185 313249.0 5100
1773994089782 80580.0 5150
1773994091476 250241.0 5200
1773994093080 281338.0 5250
1773994094722 499261.0 5300
1773994096356 161589.0 5350
1773994097991 212964.0 5400
1773994099574 223369.0 5450
1773994101198 265696.0 5500
1773994102783 214197.0 5550
1773994175224 201425.0 5600
1773994176999 61394.0 5650
1773994178640 278627.0 5700
1773994180249 101127.0 5750
1773994181860 148104.0 5800
1773994183448 405134.0 5850
1773994185031 211939.0 5900
1773994186743 272285.0 5950
1773994188410 186421.0 6000
1773994190001 287497.0 6050
1773994191633 493496.0 6100
1773994193290 378667.0 6150
1773994194920 162739.0 6200
1773994196631 182925.0 6250
1773994198332 271740.0 6300
1773994199974 179992.0 6350
1773994269130 333617.0 6400
1773994270930 252509.0 6450
1773994272597 276294.0 6500
1773994274234 215289.0 6550
1773994275859 387559.0 6600
1773994277471 301595.0 6650
1773994279077 219951.0 6700
1773994280712 225871.0 6750
1773994282321 237728.0 6800
1773994283977 163364.0 6850
1773994285653 136490.0 6900
1773994287276 393172.0 6950
1773994288931 58265.0 7000
1773994290578 108301.0 7050
1773994292196 226826.0 7100
1773994293825 329084.0 7150
1773994363251 337149.0 7200
1773994365101 257043.0 7250
1773994366718 284774.0 7300
1773994368380 363661.0 7350
1773994369976 376264.0 7400
1773994371549 457974.0 7450
1773994373126 537781.0 7500
1773994374751 249617.0 7550
1773994376353 150214.0 7600
1773994378049 186459.0 7650
1773994379655 274804.0 7700
1773994381249 131605.0 7750
1773994382826 260037.0 7800
1773994384485 306706.0 7850
1773994386153 109613.0 7900
1773994387811 237110.0 7950
1773994455413 221087.0 8000
1773994457327 144708.0 8050
1773994458989 128625.0 8100
1773994460585 238042.0 8150
1773994462188 254177.0 8200
1773994463754 270922.0 8250
1773994465413 340730.0 8300
1773994467042 212085.0 8350
1773994468633 233898.0 8400
1773994470346 118205.0 8450
1773994471975 229992.0 8500
1773994473658 528712.0 8550
1773994475286 233159.0 8600
1773994476994 324832.0 8650
1773994478556 240922.0 8700
1773994480182 117330.0 8750
1773994543680 118932.0 8800
1773994545446 232589.0 8850
1773994547040 436360.0 8900
1773994548615 558087.0 8950
1773994550160 139335.0 9000
1773994551773 197514.0 9050
1773994553343 347394.0 9100
1773994554931 229175.0 9150
1773994556501 252464.0 9200
1773994558080 309071.0 9250
1773994559663 272790.0 9300
1773994561243 275667.0 9350
1773994562758 418850.0 9400
1773994564313 494157.0 9450
1773994565857 355054.0 9500
1773994567438 161570.0 9550
1773994631547 209930.0 9600
1773994633274 317504.0 9650
1773994634843 87799.0 9700
1773994636462 313981.0 9750
1773994638118 165595.0 9800
1773994639664 733552.0 9850
1773994641218 342656.0 9900
1773994642817 164742.0 9950
1773994644379 177058.0 10000
1773994645934 102458.0 10050
1773994647517 167445.0 10100
1773994649056 205229.0 10150
1773994650615 115707.0 10200
1773994652221 253814.0 10250
1773994653808 269037.0 10300
1773994655373 108201.0 10350
1773994718083 204836.0 10400
1773994719901 168233.0 10450
1773994721446 203887.0 10500
1773994723023 270559.0 10550
1773994724585 220971.0 10600
1773994726188 324822.0 10650
1773994727791 135895.0 10700
1773994729428 183544.0 10750
1773994730992 196993.0 10800
1773994732610 237341.0 10850
1773994734168 253981.0 10900
1773994735765 214760.0 10950
1773994737286 254807.0 11000
1773994738906 172791.0 11050
1773994740468 452867.0 11100
1773994742072 423666.0 11150
1773994804754 192233.0 11200
1773994806534 114945.0 11250
1773994808116 162761.0 11300
1773994809707 685662.0 11350
1773994811352 153168.0 11400
1773994812933 199913.0 11450
1773994814552 353492.0 11500
1773994816176 496980.0 11550
1773994817784 87029.0 11600
1773994819320 129394.0 11650
1773994820910 216028.0 11700
1773994822539 323692.0 11750
1773994824180 121744.0 11800
1773994825809 53546.0 11850
1773994827433 219240.0 11900
1773994829011 341538.0 11950
1773994892584 216729.0 12000
1773994894310 180315.0 12050
1773994895904 234972.0 12100
1773994897476 63768.0 12150
1773994899045 235334.0 12200
1773994900627 762211.0 12250
1773994902273 160451.0 12300
1773994903855 182176.0 12350
1773994905389 223331.0 12400
1773994907018 212351.0 12450
1773994908648 288036.0 12500
1773994910298 240218.0 12550
1773994911881 266533.0 12600
1773994913481 231409.0 12650
1773994915072 295343.0 12700
1773994916631 135964.0 12750
1773994979281 264945.0 12800
1773994981088 120681.0 12850
1773994982657 411323.0 12900
1773994984263 118826.0 12950
1773994985899 384823.0 13000
1773994987516 227228.0 13050
1773994989103 117226.0 13100
1773994990706 201682.0 13150
1773994992444 457368.0 13200
1773994994195 361274.0 13250
1773994995893 235380.0 13300
1773994997543 300236.0 13350
1773994999178 435720.0 13400
1773995000846 315806.0 13450
1773995002400 529086.0 13500
1773995004029 178654.0 13550
1773995065194 131321.0 13600
1773995066986 277477.0 13650
1773995068624 328217.0 13700
1773995070178 190434.0 13750
1773995071753 212113.0 13800
1773995073335 392571.0 13850
1773995074913 267613.0 13900
1773995076471 117426.0 13950
1773995078059 304391.0 14000
1773995079712 177270.0 14050
1773995081296 290220.0 14100
1773995083014 90234.0 14150
1773995084638 215461.0 14200
1773995086210 293852.0 14250
1773995087817 220329.0 14300
1773995089387 174327.0 14350
1773995155441 191673.0 14400
1773995157274 872010.0 14450
1773995158866 327203.0 14500
1773995160423 468729.0 14550
1773995162084 204673.0 14600
1773995163684 306122.0 14650
1773995165254 209190.0 14700
1773995166850 245954.0 14750
1773995168476 326941.0 14800
1773995170069 203668.0 14850
1773995171642 593724.0 14900
1773995173245 344372.0 14950
1773995174908 357739.0 15000
1773995176477 128771.0 15050
1773995178094 233660.0 15100
1773995179658 189516.0 15150
1773995245582 155266.0 15200
1773995247352 238082.0 15250
1773995248985 67883.0 15300
1773995250508 215169.0 15350
1773995252156 102618.0 15400
1773995253723 243909.0 15450
1773995255273 226657.0 15500
1773995256854 319380.0 15550
1773995258502 329338.0 15600
1773995260084 381333.0 15650
1773995261678 356314.0 15700
1773995263269 109655.0 15750
1773995264810 167579.0 15800
1773995266344 416317.0 15850
1773995267930 180074.0 15900
1773995269536 187974.0 15950
1773995332229 298863.0 16000
1773995334014 412190.0 16050
1773995335619 185607.0 16100
1773995337191 201682.0 16150
1773995338728 292904.0 16200
1773995340375 192066.0 16250
1773995341979 311970.0 16300
1773995343551 127390.0 16350
1773995345195 296947.0 16400
1773995346770 103929.0 16450
1773995348428 274716.0 16500
1773995350058 164319.0 16550
1773995351642 226887.0 16600
1773995353171 264770.0 16650
1773995354769 143800.0 16700
1773995356283 186427.0 16750
1773995418966 228125.0 16800
1773995420709 541298.0 16850
1773995422367 268737.0 16900
1773995423980 449648.0 16950
1773995425568 197946.0 17000
1773995427253 470655.0 17050
1773995428844 164752.0 17100
1773995430528 236414.0 17150
1773995432132 184172.0 17200
1773995433711 99329.0 17250
1773995435311 238294.0 17300
1773995436939 340493.0 17350
1773995438485 297639.0 17400
1773995440032 460572.0 17450
1773995441642 156702.0 17500
1773995443237 365060.0 17550
1773995504300 131046.0 17600
1773995506128 296612.0 17650
1773995507675 201743.0 17700
1773995509257 291065.0 17750
1773995510893 125833.0 17800
1773995512539 287622.0 17850
1773995514160 175990.0 17900
1773995515804 476661.0 17950
1773995517434 465599.0 18000
1773995518958 249402.0 18050
1773995520587 230878.0 18100
1773995522185 262250.0 18150
1773995523821 207098.0 18200
1773995525358 204961.0 18250
1773995526966 380198.0 18300
1773995528591 181779.0 18350
1773995591322 368868.0 18400
1773995593083 301277.0 18450
1773995594678 469261.0 18500
1773995596228 123318.0 18550
1773995597836 63095.0 18600
1773995599474 281828.0 18650
1773995601091 273812.0 18700
1773995602723 153889.0 18750
1773995604332 153246.0 18800
1773995605942 337843.0 18850
1773995607613 347627.0 18900
1773995609241 315018.0 18950
1773995610854 228447.0 19000
1773995612443 604753.0 19050
1773995614095 344655.0 19100
1773995615652 179653.0 19150
1773995676985 185854.0 19200
1773995678879 525175.0 19250
1773995680477 203916.0 19300
1773995682102 348698.0 19350
1773995683699 184903.0 19400
1773995685294 209387.0 19450
1773995686917 188041.0 19500
1773995688526 175460.0 19550
1773995690092 217713.0 19600
1773995691707 172997.0 19650
1773995693280 193632.0 19700
1773995694916 351849.0 19750
1773995696469 174882.0 19800
1773995698084 87512.0 19850
1773995699715 325777.0 19900
1773995701309 110095.0 19950
1773995762406 77615.0 20000
1773995764208 208859.0 20050
1773995765786 292900.0 20100
1773995767379 353074.0 20150
1773995768993 676701.0 20200
1773995770680 202260.0 20250
1773995772246 285917.0 20300
1773995773810 184171.0 20350
1773995775473 315720.0 20400
1773995777097 304037.0 20450
1773995778752 309088.0 20500
1773995780348 259516.0 20550
1773995781946 208888.0 20600
1773995783490 110127.0 20650
1773995785129 482056.0 20700
1773995786760 207156.0 20750
1773995847857 330655.0 20800
1773995849655 254832.0 20850
1773995851254 137651.0 20900
1773995852922 217873.0 20950
1773995854500 71592.0 21000
1773995856176 83126.0 21050
1773995857805 203496.0 21100
1773995859366 158537.0 21150
1773995861005 83729.0 21200
1773995862615 341100.0 21250
1773995864162 241299.0 21300
1773995865845 260023.0 21350
1773995867507 200600.0 21400
1773995869183 275309.0 21450
1773995870818 369582.0 21500
1773995872401 260910.0 21550
1773995935257 251197.0 21600
1773995937007 130244.0 21650
1773995938650 290138.0 21700
1773995940288 133908.0 21750
1773995941902 169856.0 21800
1773995943506 243070.0 21850
1773995945128 175732.0 21900
1773995946716 443299.0 21950
1773995948342 288691.0 22000
1773995949915 242503.0 22050
1773995951518 256336.0 22100
1773995953208 200695.0 22150
1773995954847 148555.0 22200
1773995956440 97113.0 22250
1773995958087 174663.0 22300
1773995959708 351777.0 22350
1773996022416 678712.0 22400
1773996024204 255950.0 22450
1773996025799 143628.0 22500
1773996027472 238997.0 22550
1773996029043 151777.0 22600
1773996030584 296292.0 22650
1773996032193 536021.0 22700
1773996033811 130602.0 22750
1773996035457 125012.0 22800
1773996037087 178474.0 22850
1773996038672 155650.0 22900
1773996040325 244060.0 22950
1773996041953 260520.0 23000
1773996043531 110607.0 23050
1773996045191 308112.0 23100
1773996046767 249039.0 23150
1773996112844 93437.0 23200
1773996114648 306376.0 23250
1773996116219 121780.0 23300
1773996117847 238314.0 23350
1773996119427 226320.0 23400
1773996121058 222967.0 23450
1773996122617 549566.0 23500
1773996124240 456250.0 23550
1773996125834 370593.0 23600
1773996127486 329577.0 23650
1773996129160 266294.0 23700
1773996130771 587853.0 23750
1773996132496 201627.0 23800
1773996133994 76698.0 23850
1773996135619 203039.0 23900
1773996137231 204902.0 23950
1773996198390 198996.0 24000
1773996200196 212448.0 24050
1773996201816 190985.0 24100
1773996203407 405001.0 24150
1773996205091 120103.0 24200
1773996206751 172824.0 24250
1773996208352 274782.0 24300
1773996209980 284296.0 24350
1773996211605 266254.0 24400
1773996213261 108520.0 24450
1773996214868 324289.0 24500
1773996216533 202276.0 24550
1773996218147 94684.0 24600
1773996219713 497058.0 24650
1773996221394 89872.0 24700
1773996223022 168094.0 24750
1773996284192 241475.0 24800
1773996286058 182078.0 24850
1773996287668 338438.0 24900
1773996289324 198859.0 24950
1773996290926 55624.0 25000
1773996292554 127980.0 25050
1773996294170 179771.0 25100
1773996295793 399883.0 25150
1773996297426 751658.0 25200
1773996299053 275761.0 25250
1773996300722 348956.0 25300
1773996302393 88427.0 25350
1773996303997 287606.0 25400
1773996305710 151939.0 25450
1773996307406 293404.0 25500
1773996309011 293440.0 25550
1773996371816 192977.0 25600
1773996373620 28834.0 25650
1773996375263 128390.0 25700
1773996376837 197592.0 25750
1773996378489 174164.0 25800
1773996380071 294367.0 25850
1773996381685 359295.0 25900
1773996383275 266353.0 25950
1773996384866 307617.0 26000
1773996386487 106797.0 26050
1773996388114 230174.0 26100
1773996389755 95625.0 26150
1773996391369 274934.0 26200
1773996392932 238448.0 26250
1773996394641 381065.0 26300
1773996396303 359486.0 26350
1773996458993 248640.0 26400
1773996460790 419738.0 26450
1773996462418 250298.0 26500
1773996464025 394603.0 26550
1773996465685 478157.0 26600
1773996467339 359866.0 26650
1773996468951 129336.0 26700
1773996470601 373937.0 26750
1773996472256 305852.0 26800
1773996473828 247861.0 26850
1773996475505 110159.0 26900
1773996477113 165060.0 26950
1773996478688 180644.0 27000
1773996480342 396186.0 27050
1773996482013 162005.0 27100
1773996483645 655286.0 27150
1773996546557 200357.0 27200
1773996548401 173038.0 27250
1773996549995 148743.0 27300
1773996551659 315725.0 27350
1773996553281 127485.0 27400
1773996554919 72608.0 27450
1773996556458 249474.0 27500
1773996558022 347127.0 27550
1773996559734 250265.0 27600
1773996561365 134118.0 27650
1773996562989 194637.0 27700
1773996564678 222139.0 27750
1773996566308 258353.0 27800
1773996567986 296674.0 27850
1773996569602 177670.0 27900
1773996571235 256609.0 27950
1773996634067 332908.0 28000
1773996635967 248396.0 28050
1773996637564 273363.0 28100
1773996639194 240835.0 28150
1773996640824 308027.0 28200
1773996642455 355840.0 28250
1773996644137 282867.0 28300
1773996645801 259759.0 28350
1773996647427 217871.0 28400
1773996649025 139046.0 28450
1773996650619 462088.0 28500
1773996652312 236393.0 28550
1773996653885 188491.0 28600
1773996655522 197354.0 28650
1773996657120 467350.0 28700
1773996658725 254684.0 28750
1773996722339 221019.0 28800
1773996724138 281084.0 28850
1773996725774 289457.0 28900
1773996727357 254425.0 28950
1773996728936 83644.0 29000
1773996730582 110019.0 29050
1773996732207 256782.0 29100
1773996733817 367347.0 29150
1773996735434 262878.0 29200
1773996737000 304305.0 29250
1773996738611 288646.0 29300
1773996740217 172178.0 29350
1773996741841 285822.0 29400
1773996743541 193206.0 29450
1773996745193 417523.0 29500
1773996746814 169342.0 29550
1773996807939 334784.0 29600
1773996809760 92342.0 29650
1773996811348 266105.0 29700
1773996812944 227213.0 29750
1773996814555 646618.0 29800
1773996816227 185746.0 29850
1773996817862 146050.0 29900
1773996819590 130237.0 29950
1773996821205 100669.0 30000
1773996822798 245538.0 30050
1773996824398 69037.0 30100
1773996826017 187703.0 30150
1773996827653 224238.0 30200
1773996829315 126282.0 30250
1773996831023 405873.0 30300
1773996832643 434914.0 30350
1773996895535 144557.0 30400
1773996897355 260141.0 30450
1773996898945 138882.0 30500
1773996900579 163589.0 30550
1773996902191 317539.0 30600
1773996903856 440106.0 30650
1773996905404 363966.0 30700
1773996907062 286437.0 30750
1773996908760 103420.0 30800
1773996910395 419476.0 30850
1773996912035 312232.0 30900
1773996913715 432456.0 30950
1773996915375 271579.0 31000
1773996917071 218684.0 31050
1773996918708 153068.0 31100
1773996920345 269631.0 31150
1773996983911 283644.0 31200
1773996985631 205042.0 31250
1773996987285 308392.0 31300
1773996988949 193590.0 31350
1773996990606 237022.0 31400
1773996992246 514952.0 31450
1773996993840 260132.0 31500
1773996995419 667220.0 31550
1773996997041 263013.0 31600
1773996998665 234740.0 31650
1773997000272 51722.0 31700
1773997001877 55979.0 31750
1773997003496 171387.0 31800
1773997005151 250193.0 31850
1773997006854 261948.0 31900
1773997008469 74448.0 31950
1773997071394 98105.0 32000
1773997073312 213680.0 32050
1773997074961 220038.0 32100
1773997076599 200944.0 32150
1773997078187 361546.0 32200
1773997079774 280344.0 32250
1773997081447 545638.0 32300
1773997083125 390761.0 32350
1773997084787 613212.0 32400
1773997086410 182544.0 32450
1773997088049 163470.0 32500
1773997089814 206676.0 32550
1773997091413 352739.0 32600
1773997092950 292496.0 32650
1773997094532 288613.0 32700
1773997096134 162251.0 32750
1773997157350 103251.0 32800
1773997159204 583716.0 32850
1773997160822 332324.0 32900
1773997162466 214651.0 32950
1773997164206 207693.0 33000
1773997165870 310040.0 33050
1773997167477 182889.0 33100
1773997169025 759706.0 33150
1773997170724 202583.0 33200
1773997172275 213824.0 33250
1773997173920 123197.0 33300
1773997175533 183780.0 33350
1773997177201 96381.0 33400
1773997178826 353786.0 33450
1773997180462 307359.0 33500
1773997182079 923714.0 33550
1773997244801 262085.0 33600
1773997246621 414015.0 33650
1773997248312 132446.0 33700
1773997250005 243178.0 33750
1773997251660 154025.0 33800
1773997253257 420685.0 33850
1773997254895 241496.0 33900
1773997256556 399388.0 33950
1773997258164 135362.0 34000
1773997259806 370892.0 34050
1773997261516 198919.0 34100
1773997263118 254300.0 34150
1773997264742 230734.0 34200
1773997266338 234350.0 34250
1773997268059 199701.0 34300
1773997269754 146164.0 34350
1773997332601 141234.0 34400
1773997334481 175700.0 34450
1773997336131 195313.0 34500
1773997337775 160962.0 34550
1773997339457 177836.0 34600
1773997341113 151899.0 34650
1773997342707 218341.0 34700
1773997344338 274022.0 34750
1773997345979 277652.0 34800
1773997347567 166558.0 34850
1773997349186 146082.0 34900
1773997350856 147329.0 34950
1773997352500 210874.0 35000
1773997354145 245724.0 35050
1773997355826 1040509.0 35100
1773997357476 172547.0 35150
1773997421246 357902.0 35200
1773997423055 157017.0 35250
1773997424716 251674.0 35300
1773997426378 203802.0 35350
1773997428069 398116.0 35400
1773997429720 300199.0 35450
1773997431376 244354.0 35500
1773997433012 264788.0 35550
1773997434585 151378.0 35600
1773997436236 158919.0 35650
1773997437821 259386.0 35700
1773997439476 270463.0 35750
1773997441102 406613.0 35800
1773997442758 68376.0 35850
1773997444431 160036.0 35900
1773997446075 277714.0 35950
1773997508880 214678.0 36000
1773997510691 115787.0 36050
1773997512309 214095.0 36100
1773997514060 203257.0 36150
1773997515784 232603.0 36200
1773997517350 95497.0 36250
1773997519028 159449.0 36300
1773997520643 237996.0 36350
1773997522298 163347.0 36400
1773997523883 456871.0 36450
1773997525522 122094.0 36500
1773997527183 362585.0 36550
1773997528825 247687.0 36600
1773997530479 212571.0 36650
1773997532186 351036.0 36700
1773997533819 244247.0 36750
1773997596675 152738.0 36800
1773997598552 188856.0 36850
1773997600182 233038.0 36900
1773997601881 179359.0 36950
1773997603598 321111.0 37000
1773997605240 858034.0 37050
1773997606926 245612.0 37100
1773997608658 280590.0 37150
1773997610266 398301.0 37200
1773997611892 107356.0 37250
1773997613568 219017.0 37300
1773997615181 233913.0 37350
1773997616802 110209.0 37400
1773997618454 270239.0 37450
1773997620146 424871.0 37500
1773997621822 604972.0 37550
1773997683091 193045.0 37600
1773997684981 147430.0 37650
1773997686631 290726.0 37700
1773997688339 324596.0 37750
1773997690022 134565.0 37800
1773997691632 279392.0 37850
1773997693345 221542.0 37900
1773997694953 203251.0 37950
1773997696610 148000.0 38000
1773997698244 97261.0 38050
1773997699896 235717.0 38100
1773997701568 182567.0 38150
1773997703187 331319.0 38200
1773997704771 608920.0 38250
1773997706479 136476.0 38300
1773997708160 225079.0 38350
1773997774173 166266.0 38400
1773997775942 320703.0 38450
1773997777554 241089.0 38500
1773997779212 208744.0 38550
1773997780783 481486.0 38600
1773997782464 719667.0 38650
1773997784093 414216.0 38700
1773997785729 156022.0 38750
1773997787392 157449.0 38800
1773997788983 268472.0 38850
1773997790556 160550.0 38900
1773997792155 153544.0 38950
1773997793752 379395.0 39000
1773997795384 455301.0 39050
1773997797032 210673.0 39100
1773997798710 153156.0 39150
1773997864785 152838.0 39200
1773997866587 270312.0 39250
1773997868225 292114.0 39300
1773997869864 396608.0 39350
1773997871468 291452.0 39400
1773997873136 142572.0 39450
1773997874775 193666.0 39500
1773997876448 296486.0 39550
1773997878090 168988.0 39600
1773997879748 320051.0 39650
1773997881387 541082.0 39700
1773997883023 197805.0 39750
1773997884606 202293.0 39800
1773997886316 167185.0 39850
1773997887991 142125.0 39900
1773997889634 240056.0 39950
1773997952562 248235.0 40000
1773997954430 638821.0 40050
1773997956087 257510.0 40100
1773997957712 171176.0 40150
1773997959338 314701.0 40200
1773997961049 148699.0 40250
1773997962714 522787.0 40300
1773997964350 167510.0 40350
1773997965979 438264.0 40400
1773997967619 119614.0 40450
1773997969323 267004.0 40500
1773997970997 386024.0 40550
1773997972620 358487.0 40600
1773997974277 165385.0 40650
1773997975865 314050.0 40700
1773997977473 456744.0 40750
1773998040381 180852.0 40800
1773998042225 278122.0 40850
1773998043955 879625.0 40900
1773998045591 377284.0 40950
1773998047215 145377.0 41000
1773998048912 179502.0 41050
1773998050595 265419.0 41100
1773998052258 442713.0 41150
1773998053973 197511.0 41200
1773998055603 260896.0 41250
1773998057328 99814.0 41300
1773998058993 201775.0 41350
1773998060659 56407.0 41400
1773998062312 211797.0 41450
1773998063950 178207.0 41500
1773998065581 367497.0 41550
1773998131760 140610.0 41600
1773998133639 146595.0 41650
1773998135295 127644.0 41700
1773998136902 219552.0 41750
1773998138601 242647.0 41800
1773998140274 215326.0 41850
1773998141821 227992.0 41900
1773998143597 202650.0 41950
1773998145260 286683.0 42000
1773998146897 96045.0 42050
1773998148527 133949.0 42100
1773998150136 456758.0 42150
1773998151786 197002.0 42200
1773998153413 493181.0 42250
1773998155108 430284.0 42300
1773998156709 319062.0 42350
1773998218021 316448.0 42400
1773998219934 160400.0 42450
1773998221560 120315.0 42500
1773998223180 77442.0 42550
1773998224831 245387.0 42600
1773998226461 322338.0 42650
1773998228106 232644.0 42700
1773998229730 259966.0 42750
1773998231424 369295.0 42800
1773998233063 198220.0 42850
1773998234703 214048.0 42900
1773998236409 621967.0 42950
1773998238020 236977.0 43000
1773998239755 406187.0 43050
1773998241458 197171.0 43100
1773998243072 235747.0 43150
1773998305960 271522.0 43200
1773998307761 152615.0 43250
1773998309438 77060.0 43300
1773998311042 423693.0 43350
1773998312689 307851.0 43400
1773998314321 158900.0 43450
1773998315971 338079.0 43500
1773998317660 210762.0 43550
1773998319338 331107.0 43600
1773998321010 244779.0 43650
1773998322701 303278.0 43700
1773998324325 280433.0 43750
1773998325999 64698.0 43800
1773998327676 329095.0 43850
1773998329289 328837.0 43900
1773998330922 237900.0 43950
1773998394681 147184.0 44000
1773998396489 330136.0 44050
1773998398213 167367.0 44100
1773998399892 341223.0 44150
1773998401508 282019.0 44200
1773998403190 161880.0 44250
1773998404868 149779.0 44300
1773998406602 156368.0 44350
1773998408293 306876.0 44400
1773998410021 538069.0 44450
1773998411613 151458.0 44500
1773998413202 301648.0 44550
1773998414861 135348.0 44600
1773998416494 160821.0 44650
1773998418143 599967.0 44700
1773998419755 357286.0 44750
1773998481026 253641.0 44800
1773998483021 173001.0 44850
1773998484639 458299.0 44900
1773998486335 110298.0 44950
1773998488001 169932.0 45000
1773998489645 67679.0 45050
1773998491316 168001.0 45100
1773998492958 84956.0 45150
1773998494582 505886.0 45200
1773998496219 310953.0 45250
1773998497912 347095.0 45300
1773998499605 323540.0 45350
1773998501216 272736.0 45400
1773998502888 80415.0 45450
1773998504594 292996.0 45500
1773998506224 142082.0 45550
1773998569078 266260.0 45600
1773998571004 146957.0 45650
1773998572698 194968.0 45700
1773998574332 269483.0 45750
1773998576011 430556.0 45800
1773998577676 113810.0 45850
1773998579266 195197.0 45900
1773998580941 145994.0 45950
1773998582639 165348.0 46000
1773998584328 356998.0 46050
1773998585961 175131.0 46100
1773998587686 178595.0 46150
1773998589304 445347.0 46200
1773998590982 245969.0 46250
1773998592641 296589.0 46300
1773998594272 193580.0 46350
1773998657985 178990.0 46400
1773998659810 269091.0 46450
1773998661483 396362.0 46500
1773998663098 614305.0 46550
1773998664764 359356.0 46600
1773998666382 128030.0 46650
1773998668043 139729.0 46700
1773998669682 264996.0 46750
1773998671358 83921.0 46800
1773998672963 71413.0 46850
1773998674584 344079.0 46900
1773998676256 282463.0 46950
1773998677918 211165.0 47000
1773998679592 305784.0 47050
1773998681231 160847.0 47100
1773998682842 332439.0 47150
1773998745755 69501.0 47200
1773998747710 211170.0 47250
1773998749359 272430.0 47300
1773998751087 100667.0 47350
1773998752768 524912.0 47400
1773998754385 251236.0 47450
1773998756100 423322.0 47500
1773998757733 424217.0 47550
1773998759431 209667.0 47600
1773998761140 481026.0 47650
1773998762837 138739.0 47700
1773998764497 155506.0 47750
1773998766179 368158.0 47800
1773998767876 209559.0 47850
1773998769538 233033.0 47900
1773998771216 401979.0 47950
1773998841602 360934.0 48000
1773998843602 98690.0 48050
1773998845299 305065.0 48100
1773998847122 253776.0 48150
1773998848983 279903.0 48200
1773998850810 218420.0 48250
1773998852596 158416.0 48300
1773998854343 262512.0 48350
1773998856061 111893.0 48400
1773998857769 254357.0 48450
1773998859545 167232.0 48500
1773998861411 163690.0 48550
1773998863156 158531.0 48600
1773998864880 120533.0 48650
1773998866640 224716.0 48700
1773998868394 302637.0 48750
1773998940263 335817.0 48800
1773998942224 207097.0 48850
1773998943998 269239.0 48900
1773998945700 267126.0 48950
1773998947510 145719.0 49000
1773998949281 245741.0 49050
1773998950945 475940.0 49100
1773998952755 171375.0 49150
1773998954804 148772.0 49200
1773998956547 359040.0 49250
1773998958282 242533.0 49300
1773998960092 219439.0 49350
1773998961979 273418.0 49400
1773998963713 356432.0 49450
1773998965491 187821.0 49500
1773998967219 118932.0 49550
1773999041584 280882.0 49600
1773999043515 120936.0 49650
1773999045231 88796.0 49700
1773999047001 267381.0 49750
1773999048735 58146.0 49800
1773999050472 148866.0 49850
1773999052141 76598.0 49900
1773999053852 220446.0 49950
1773999055576 240907.0 50000
1773999057339 429560.0 50050
1773999059021 330787.0 50100
1773999060769 328854.0 50150
1773999062483 273414.0 50200
1773999064267 500090.0 50250
1773999066014 287516.0 50300
1773999067757 228581.0 50350
1773999135508 285414.0 50400
1773999137370 241221.0 50450
1773999139080 387703.0 50500
1773999140858 233692.0 50550
1773999142563 80778.0 50600
1773999144237 163364.0 50650
1773999145951 170803.0 50700
1773999147633 910058.0 50750
1773999149395 197184.0 50800
1773999151088 142442.0 50850
1773999152770 330025.0 50900
1773999154485 157281.0 50950
1773999156212 555178.0 51000
1773999157912 281054.0 51050
1773999159648 689738.0 51100
1773999161402 307016.0 51150
1773999229101 168077.0 51200
1773999230941 306088.0 51250
1773999232652 166302.0 51300
1773999234378 165633.0 51350
1773999236148 252865.0 51400
1773999237862 287702.0 51450
1773999239562 193657.0 51500
1773999241331 272593.0 51550
1773999243091 610523.0 51600
1773999244843 64272.0 51650
1773999246560 211529.0 51700
1773999248250 275025.0 51750
1773999249951 290797.0 51800
1773999251602 422184.0 51850
1773999253389 47763.0 51900
1773999255157 159002.0 51950
1773999324406 251682.0 52000
1773999326299 185195.0 52050
1773999328065 155903.0 52100
1773999329739 384674.0 52150
1773999331458 357462.0 52200
1773999333268 276454.0 52250
1773999335041 218321.0 52300
1773999336722 291445.0 52350
1773999338441 160295.0 52400
1773999340100 156209.0 52450
1773999341808 537859.0 52500
1773999343505 148696.0 52550
1773999345261 291767.0 52600
1773999347045 198782.0 52650
1773999348740 408344.0 52700
1773999350380 607476.0 52750
1773999419742 180030.0 52800
1773999421647 173766.0 52850
1773999423379 506456.0 52900
1773999425114 248912.0 52950
1773999426965 515096.0 53000
1773999428636 699228.0 53050
1773999430310 405689.0 53100
1773999432032 267151.0 53150
1773999433780 533497.0 53200
1773999435557 154822.0 53250
1773999437219 305113.0 53300
1773999438932 387613.0 53350
1773999440653 263152.0 53400
1773999442400 244273.0 53450
1773999444103 238732.0 53500
1773999445841 65908.0 53550
1773999515138 229820.0 53600
1773999516970 146671.0 53650
1773999518765 297539.0 53700
1773999520475 370975.0 53750
1773999522234 149816.0 53800
1773999523928 280705.0 53850
1773999525666 310817.0 53900
1773999527343 219482.0 53950
1773999529108 180396.0 54000
1773999530884 125524.0 54050
1773999532574 534482.0 54100
1773999534333 242736.0 54150
1773999536003 118605.0 54200
1773999537721 257747.0 54250
1773999539464 121142.0 54300
1773999541225 303705.0 54350
1773999609042 228251.0 54400
1773999610989 82462.0 54450
1773999612701 234689.0 54500
1773999614346 174050.0 54550
1773999616113 328668.0 54600
1773999617810 346142.0 54650
1773999619557 736778.0 54700
1773999621260 49822.0 54750
1773999623019 178047.0 54800
1773999624799 227327.0 54850
1773999626527 463086.0 54900
1773999628256 267105.0 54950
1773999630054 150062.0 55000
1773999631807 295125.0 55050
1773999633569 251798.0 55100
1773999635256 133090.0 55150
1773999704525 320614.0 55200
1773999706433 330143.0 55250
1773999708205 329662.0 55300
1773999709962 441968.0 55350
1773999711749 402129.0 55400
1773999713503 287283.0 55450
1773999715304 206451.0 55500
1773999717007 318816.0 55550
1773999718724 271192.0 55600
1773999720483 249423.0 55650
1773999722187 705761.0 55700
1773999723928 203334.0 55750
1773999725663 447268.0 55800
1773999727365 157458.0 55850
1773999729102 373833.0 55900
1773999730849 374878.0 55950
1773999800363 265646.0 56000
1773999802247 238260.0 56050
1773999803964 208129.0 56100
1773999805702 573356.0 56150
1773999807433 192044.0 56200
1773999809170 402743.0 56250
1773999810893 277725.0 56300
1773999812649 422426.0 56350
1773999814322 298947.0 56400
1773999816050 325487.0 56450
1773999817749 418129.0 56500
1773999819510 245288.0 56550
1773999821233 211244.0 56600
1773999822946 219330.0 56650
1773999824676 393958.0 56700
1773999826413 354149.0 56750
1773999895848 173656.0 56800
1773999897774 191195.0 56850
1773999899516 634741.0 56900
1773999901320 329695.0 56950
1773999903036 182575.0 57000
1773999904765 286227.0 57050
1773999906513 352124.0 57100
1773999908295 228206.0 57150
1773999909920 216573.0 57200
1773999911715 208521.0 57250
1773999913499 243858.0 57300
1773999915333 289005.0 57350
1773999917121 497138.0 57400
1773999918907 294365.0 57450
1773999920677 168941.0 57500
1773999922315 333300.0 57550
1773999992594 851795.0 57600
1773999994457 367003.0 57650
1773999996223 182095.0 57700
1773999997958 125329.0 57750
1773999999722 125587.0 57800
1774000001457 108876.0 57850
1774000003216 471824.0 57900
1774000004974 560074.0 57950
1774000006722 183367.0 58000
1774000008488 212587.0 58050
1774000010275 192559.0 58100
1774000012032 195069.0 58150
1774000013799 311670.0 58200
1774000015601 500362.0 58250
1774000017386 131071.0 58300
1774000019084 229423.0 58350
1774000088596 154443.0 58400
1774000090412 169751.0 58450
1774000092177 570495.0 58500
1774000093912 378888.0 58550
1774000095675 108308.0 58600
1774000097414 152935.0 58650
1774000099108 396469.0 58700
1774000100816 204560.0 58750
1774000102585 142013.0 58800
1774000104435 192062.0 58850
1774000106102 215173.0 58900
1774000107885 220281.0 58950
1774000109610 135208.0 59000
1774000111380 1095569.0 59050
1774000113129 244397.0 59100
1774000114857 164819.0 59150
1774000182562 122307.0 59200
1774000184499 119425.0 59250
1774000186364 677264.0 59300
1774000188102 300393.0 59350
1774000189854 184537.0 59400
1774000191594 183091.0 59450
1774000193352 464185.0 59500
1774000195073 322470.0 59550
1774000196810 307411.0 59600
1774000198535 134757.0 59650
1774000200310 164424.0 59700
1774000202069 320194.0 59750
1774000203802 396210.0 59800
1774000205591 176478.0 59850
1774000207313 233935.0 59900
1774000209064 121349.0 59950
1774000276892 145990.0 60000
1774000278943 100469.0 60050
1774000280683 164965.0 60100
1774000282436 142033.0 60150
1774000284190 146768.0 60200
1774000285905 473138.0 60250
1774000287664 320462.0 60300
1774000289406 121954.0 60350
1774000291117 201612.0 60400
1774000292925 196067.0 60450
1774000294668 249017.0 60500
1774000296475 280411.0 60550
1774000298240 424978.0 60600
1774000299993 673253.0 60650
1774000301767 276648.0 60700
1774000303505 154146.0 60750
1774000372822 797617.0 60800
1774000374786 495445.0 60850
1774000376514 267188.0 60900
1774000378252 137560.0 60950
1774000380018 137183.0 61000
1774000381783 112838.0 61050
1774000383629 342088.0 61100
1774000385381 118136.0 61150
1774000387094 390809.0 61200
1774000388855 415981.0 61250
1774000390617 250629.0 61300
1774000392391 310008.0 61350
1774000394192 172015.0 61400
1774000395965 480503.0 61450
1774000397770 295901.0 61500
1774000399505 368895.0 61550
1774000472066 185372.0 61600
1774000473951 227470.0 61650
1774000475718 508816.0 61700
1774000477474 324703.0 61750
1774000479266 363586.0 61800
1774000480993 74173.0 61850
1774000482738 214664.0 61900
1774000484476 173168.0 61950
1774000486358 154075.0 62000
1774000488094 256144.0 62050
1774000489792 191711.0 62100
1774000491543 293628.0 62150
1774000493356 135539.0 62200
1774000495148 351175.0 62250
1774000496919 474120.0 62300
1774000498718 143261.0 62350
1774000568111 152690.0 62400
1774000570069 246197.0 62450
1774000571850 195694.0 62500
1774000573582 175647.0 62550
1774000575318 146686.0 62600
1774000577108 289795.0 62650
1774000578909 164573.0 62700
1774000580671 410537.0 62750
1774000582396 278282.0 62800
1774000584129 352167.0 62850
1774000585863 201041.0 62900
1774000587586 607427.0 62950
1774000589294 593187.0 63000
1774000591043 471795.0 63050
1774000592817 341493.0 63100
1774000594585 152886.0 63150
1774000662288 275113.0 63200
1774000664233 359268.0 63250
1774000666013 621534.0 63300
1774000667747 183962.0 63350
1774000669482 250534.0 63400
1774000671198 354898.0 63450
1774000672926 195283.0 63500
1774000674694 167216.0 63550
1774000676410 723462.0 63600
1774000678163 180140.0 63650
1774000679944 182663.0 63700
1774000681686 179688.0 63750
1774000683498 601153.0 63800
1774000685326 254325.0 63850
1774000687015 217085.0 63900
1774000688775 355086.0 63950
1774000761396 1014640.0 64000
1774000763365 223068.0 64050
1774000765215 139166.0 64100
1774000766946 156724.0 64150
1774000768667 360456.0 64200
1774000770461 246300.0 64250
1774000772236 118597.0 64300
1774000773963 276817.0 64350
1774000775735 193117.0 64400
1774000777532 280901.0 64450
1774000779261 57916.0 64500
1774000781057 165875.0 64550
1774000782759 234541.0 64600
1774000784562 713012.0 64650
1774000786354 326514.0 64700
1774000788175 439913.0 64750
1774000857621 189609.0 64800
1774000859589 492036.0 64850
1774000861327 189177.0 64900
1774000863090 614797.0 64950
1774000864891 93944.0 65000
1774000866657 237352.0 65050
1774000868427 181112.0 65100
1774000870232 422510.0 65150
1774000871986 260727.0 65200
1774000873766 204003.0 65250
1774000875586 378088.0 65300
1774000877320 192913.0 65350
1774000879138 218778.0 65400
1774000880878 239955.0 65450
1774000882636 204054.0 65500
1774000884419 217171.0 65550
1774000954641 322067.0 65600
1774000956549 208213.0 65650
1774000958238 530054.0 65700
1774000959974 242765.0 65750
1774000961790 301951.0 65800
1774000963573 429344.0 65850
1774000965325 376077.0 65900
1774000967078 154060.0 65950
1774000968862 450384.0 66000
1774000970613 228447.0 66050
1774000972362 339085.0 66100
1774000974159 196687.0 66150
1774000975936 198254.0 66200
1774000977672 82913.0 66250
1774000979403 210286.0 66300
1774000981150 181909.0 66350
1774001048882 533093.0 66400
1774001050813 149798.0 66450
1774001052506 424748.0 66500
1774001054213 291534.0 66550
1774001056014 118467.0 66600
1774001057730 177853.0 66650
1774001059530 271144.0 66700
1774001061296 144336.0 66750
1774001063029 302792.0 66800
1774001064841 387959.0 66850
1774001066615 114601.0 66900
1774001068444 418444.0 66950
1774001070282 577584.0 67000
1774001072054 342969.0 67050
1774001073769 175380.0 67100
1774001075554 101169.0 67150
1774001148259 237507.0 67200
1774001150307 244437.0 67250
1774001152039 168661.0 67300
1774001153752 270763.0 67350
1774001155519 132305.0 67400
1774001157310 242387.0 67450
1774001159044 363832.0 67500
1774001160859 150631.0 67550
1774001162635 388071.0 67600
1774001164401 232524.0 67650
1774001166160 169691.0 67700
1774001168028 309803.0 67750
1774001169722 116528.0 67800
1774001171481 226660.0 67850
1774001173306 598855.0 67900
1774001175067 410229.0 67950
1774001242970 270148.0 68000
1774001244926 220501.0 68050
1774001246654 152985.0 68100
1774001248393 170553.0 68150
1774001250173 245613.0 68200
1774001251851 171853.0 68250
1774001253626 215153.0 68300
1774001255389 176618.0 68350
1774001257189 161784.0 68400
1774001258911 322957.0 68450
1774001260646 205917.0 68500
1774001262446 211286.0 68550
1774001264225 179908.0 68600
1774001265980 261225.0 68650
1774001267746 86417.0 68700
1774001269553 305057.0 68750
1774001338946 232946.0 68800
1774001340825 391954.0 68850
1774001342614 781905.0 68900
1774001344382 292808.0 68950
1774001346195 234611.0 69000
1774001347958 286047.0 69050
1774001349743 73941.0 69100
1774001351471 310977.0 69150
1774001353242 425322.0 69200
1774001355001 309991.0 69250
1774001356783 159736.0 69300
1774001358553 303754.0 69350
1774001360302 64916.0 69400
1774001362039 78836.0 69450
1774001363782 71545.0 69500
1774001365535 312250.0 69550
1774001435868 474510.0 69600
1774001437884 332285.0 69650
1774001439801 336145.0 69700
1774001441538 261964.0 69750
1774001443313 258206.0 69800
1774001445076 269423.0 69850
1774001446826 125853.0 69900
1774001448546 205203.0 69950
1774001450270 144814.0 70000
1774001452005 110367.0 70050
1774001453780 249385.0 70100
1774001455552 243131.0 70150
1774001457378 214564.0 70200
1774001459165 706454.0 70250
1774001460958 282040.0 70300
1774001462769 277105.0 70350
1774001532242 215375.0 70400
1774001534227 186878.0 70450
1774001536000 369901.0 70500
1774001537759 160018.0 70550
1774001539492 227916.0 70600
1774001541319 221670.0 70650
1774001543144 131096.0 70700
1774001544902 153462.0 70750
1774001546606 256565.0 70800
1774001548382 475787.0 70850
1774001550146 245803.0 70900
1774001551922 442626.0 70950
1774001553725 247840.0 71000
1774001555492 165771.0 71050
1774001557265 115746.0 71100
1774001559020 211105.0 71150
1774001628371 541002.0 71200
1774001630380 205124.0 71250
1774001632133 290590.0 71300
1774001633894 281619.0 71350
1774001635614 242558.0 71400
1774001637332 105550.0 71450
1774001639117 430254.0 71500
1774001640920 109862.0 71550
1774001642740 306139.0 71600
1774001644486 272134.0 71650
1774001646233 225132.0 71700
1774001647994 173788.0 71750
1774001649775 227298.0 71800
1774001651509 276933.0 71850
1774001653261 370981.0 71900
1774001655030 368545.0 71950
1774001723004 341448.0 72000
1774001724942 405523.0 72050
1774001726713 269706.0 72100
1774001728469 336620.0 72150
1774001730253 244462.0 72200
1774001731990 299428.0 72250
1774001733815 363818.0 72300
1774001735566 87365.0 72350
1774001737335 289224.0 72400
1774001739103 162989.0 72450
1774001740824 371676.0 72500
1774001742631 456487.0 72550
1774001744441 205258.0 72600
1774001746174 167644.0 72650
1774001747927 229141.0 72700
1774001749698 108745.0 72750
1774001819089 197752.0 72800
1774001821044 280034.0 72850
1774001822827 413036.0 72900
1774001824597 289722.0 72950
1774001826361 246499.0 73000
1774001828054 549346.0 73050
1774001829726 269294.0 73100
1774001831472 225743.0 73150
1774001833251 688369.0 73200
1774001835020 83040.0 73250
1774001836794 219796.0 73300
1774001838565 245919.0 73350
1774001840410 829172.0 73400
1774001842198 265229.0 73450
1774001844058 183813.0 73500
1774001845877 349501.0 73550
1774001915337 199857.0 73600
1774001917358 299392.0 73650
1774001919154 488282.0 73700
1774001920944 345741.0 73750
1774001922774 248289.0 73800
1774001924575 163299.0 73850
1774001926354 291389.0 73900
1774001928162 80160.0 73950
1774001929952 293732.0 74000
1774001931678 242171.0 74050
1774001933380 299570.0 74100
1774001935207 260099.0 74150
1774001937137 161363.0 74200
1774001938909 272879.0 74250
1774001940665 354811.0 74300
1774001942460 85639.0 74350
1774002010186 363187.0 74400
1774002012198 319631.0 74450
1774002013956 161717.0 74500
1774002015792 800582.0 74550
1774002017656 532938.0 74600
1774002019428 200141.0 74650
1774002021203 165855.0 74700
1774002022966 115771.0 74750
1774002024770 202158.0 74800
1774002026554 221201.0 74850
1774002028365 548193.0 74900
1774002030161 196681.0 74950
1774002031925 175015.0 75000
1774002033746 553503.0 75050
1774002035479 271636.0 75100
1774002037226 285634.0 75150
1774002109967 651955.0 75200
1774002111990 313835.0 75250
1774002113825 222912.0 75300
1774002115683 214187.0 75350
1774002117496 101596.0 75400
1774002119250 122597.0 75450
1774002121007 233362.0 75500
1774002122800 365022.0 75550
1774002124550 241814.0 75600
1774002126279 200142.0 75650
1774002128023 453882.0 75700
1774002129827 259416.0 75750
1774002131632 301761.0 75800
1774002133471 338482.0 75850
1774002135241 238772.0 75900
1774002137022 215233.0 75950
1774002206485 132392.0 76000
1774002208515 297191.0 76050
1774002210317 149075.0 76100
1774002212094 160850.0 76150
1774002213856 105055.0 76200
1774002215758 319926.0 76250
1774002217563 119344.0 76300
1774002219376 191338.0 76350
1774002221137 180468.0 76400
1774002222979 158826.0 76450
1774002224705 325725.0 76500
1774002226474 446085.0 76550
1774002228290 232025.0 76600
1774002230079 261988.0 76650
1774002231844 139222.0 76700
1774002233585 224238.0 76750
1774002304038 103016.0 76800
1774002306000 488900.0 76850
1774002307797 171553.0 76900
1774002309550 87790.0 76950
1774002311359 110013.0 77000
1774002313135 291131.0 77050
1774002314931 303669.0 77100
1774002316651 343245.0 77150
1774002318447 433911.0 77200
1774002320279 309740.0 77250
1774002322088 371827.0 77300
1774002323836 237231.0 77350
1774002325640 219493.0 77400
1774002327391 96483.0 77450
1774002329159 257028.0 77500
1774002330926 143048.0 77550
1774002398740 260692.0 77600
1774002400765 195929.0 77650
1774002402551 345610.0 77700
1774002404346 188118.0 77750
1774002406152 263288.0 77800
1774002408008 349898.0 77850
1774002409793 176474.0 77900
1774002411581 204542.0 77950
1774002413386 205502.0 78000
1774002415148 178892.0 78050
1774002416962 525264.0 78100
1774002418835 64840.0 78150
1774002420631 403020.0 78200
1774002422378 329539.0 78250
1774002424135 250300.0 78300
1774002425913 333328.0 78350
1774002496328 250962.0 78400
1774002498258 194577.0 78450
1774002500056 240619.0 78500
1774002501865 131513.0 78550
1774002503663 633616.0 78600
1774002505413 347982.0 78650
1774002507146 207529.0 78700
1774002508921 84550.0 78750
1774002510705 201670.0 78800
1774002512567 228389.0 78850
1774002514294 305577.0 78900
1774002516103 321918.0 78950
1774002517877 201678.0 79000
1774002519732 214219.0 79050
1774002521521 274374.0 79100
1774002523317 147223.0 79150
1774002592751 313171.0 79200
1774002594767 339864.0 79250
1774002596629 61053.0 79300
1774002598395 144966.0 79350
1774002600179 208496.0 79400
1774002601969 82189.0 79450
1774002603724 91196.0 79500
1774002605500 111877.0 79550
1774002607296 233013.0 79600
1774002609143 141725.0 79650
1774002610886 242472.0 79700
1774002612725 223476.0 79750
1774002614530 188077.0 79800
1774002616306 391889.0 79850
1774002618176 367581.0 79900
1774002619967 103913.0 79950
1774002690329 156912.0 80000
1774002692318 147710.0 80050
1774002694099 486250.0 80100
1774002695840 173943.0 80150
1774002697743 297227.0 80200
1774002699500 223192.0 80250
1774002701356 95997.0 80300
1774002703195 259558.0 80350
1774002705025 170351.0 80400
1774002706839 181195.0 80450
1774002708573 295728.0 80500
1774002710351 147006.0 80550
1774002712114 153604.0 80600
1774002713962 152290.0 80650
1774002715673 188746.0 80700
1774002717505 348833.0 80750
1774002790262 285072.0 80800
1774002792187 306890.0 80850
1774002793957 151227.0 80900
1774002795664 158490.0 80950
1774002797481 152012.0 81000
1774002799279 428321.0 81050
1774002801051 146256.0 81100
1774002802806 235417.0 81150
1774002804541 901268.0 81200
1774002806431 92103.0 81250
1774002808185 344288.0 81300
1774002809905 632933.0 81350
1774002811691 135525.0 81400
1774002813521 294123.0 81450
1774002815393 163123.0 81500
1774002817157 258945.0 81550
1774002885021 240807.0 81600
1774002886976 422825.0 81650
1774002888742 230916.0 81700
1774002890481 430154.0 81750
1774002892298 333537.0 81800
1774002894098 230840.0 81850
1774002895863 232046.0 81900
1774002897658 317790.0 81950
1774002899407 167062.0 82000
1774002901176 162162.0 82050
1774002902973 265361.0 82100
1774002904886 130616.0 82150
1774002906685 229229.0 82200
1774002908529 265444.0 82250
1774002910364 339451.0 82300
1774002912162 289544.0 82350
1774002979345 283720.0 82400
1774002981357 203239.0 82450
1774002983098 133679.0 82500
1774002984825 312060.0 82550
1774002986508 297338.0 82600
1774002988157 339562.0 82650
1774002989830 157741.0 82700
1774002991573 245102.0 82750
1774002993279 176742.0 82800
1774002995032 195846.0 82850
1774002996753 148038.0 82900
1774002998497 673999.0 82950
1774003000219 202690.0 83000
1774003001961 122233.0 83050
1774003003679 497975.0 83100
1774003005413 131887.0 83150
1774003068267 206881.0 83200
1774003070158 200188.0 83250
1774003071890 293238.0 83300
1774003073611 288923.0 83350
1774003075357 388242.0 83400
1774003077051 233349.0 83450
1774003078800 221231.0 83500
1774003080507 394559.0 83550
1774003082228 261448.0 83600
1774003083872 202354.0 83650
1774003085541 322411.0 83700
1774003087214 285684.0 83750
1774003088989 234608.0 83800
1774003090699 307080.0 83850
1774003092443 224279.0 83900
1774003094198 89353.0 83950
1774003155537 169104.0 84000
1774003157399 317718.0 84050
1774003159070 228434.0 84100
1774003160828 266652.0 84150
1774003162692 365982.0 84200
1774003164454 307113.0 84250
1774003166207 204805.0 84300
1774003167906 203672.0 84350
1774003169609 85817.0 84400
1774003171258 693818.0 84450
1774003173043 290463.0 84500
1774003174773 177501.0 84550
1774003176475 144530.0 84600
1774003178254 313391.0 84650
1774003179973 284542.0 84700
1774003181691 296927.0 84750
1774003244672 330447.0 84800
1774003246493 223992.0 84850
1774003248273 245288.0 84900
1774003250003 197808.0 84950
1774003251687 362584.0 85000
1774003253388 307094.0 85050
1774003255091 148299.0 85100
1774003256796 160835.0 85150
1774003258541 142063.0 85200
1774003260260 294197.0 85250
1774003262038 168022.0 85300
1774003263813 201915.0 85350
1774003265525 151719.0 85400
1774003267241 256569.0 85450
1774003268963 413761.0 85500
1774003270656 334486.0 85550
1774003336902 423240.0 85600
1774003338880 224666.0 85650
1774003340644 196567.0 85700
1774003342369 610623.0 85750
1774003344113 563607.0 85800
1774003345755 195819.0 85850
1774003347469 226734.0 85900
1774003349173 244119.0 85950
1774003350887 191705.0 86000
1774003352575 386686.0 86050
1774003354449 732894.0 86100
1774003356165 111702.0 86150
1774003357970 165995.0 86200
1774003359706 175127.0 86250
1774003361444 178252.0 86300
1774003363152 474275.0 86350
1774003424496 513677.0 86400
1774003426390 292638.0 86450
1774003428111 353287.0 86500
1774003429815 209954.0 86550
1774003431612 218572.0 86600
1774003433307 322786.0 86650
1774003435021 102534.0 86700
1774003436751 326431.0 86750
1774003438481 278732.0 86800
1774003440218 233166.0 86850
1774003441940 584179.0 86900
1774003443657 221338.0 86950
1774003445368 298617.0 87000
1774003447072 183595.0 87050
1774003448816 161453.0 87100
1774003450551 620867.0 87150
1774003513513 203993.0 87200
1774003515403 235129.0 87250
1774003517131 186711.0 87300
1774003518890 237277.0 87350
1774003520657 159591.0 87400
1774003522370 273786.0 87450
1774003524086 397113.0 87500
1774003525783 192553.0 87550
1774003527564 213955.0 87600
1774003529358 264169.0 87650
1774003531065 301338.0 87700
1774003532784 314085.0 87750
1774003534547 116808.0 87800
1774003536222 236152.0 87850
1774003537936 106529.0 87900
1774003539655 63991.0 87950
1774003601096 409721.0 88000
1774003603052 131074.0 88050
1774003604798 163202.0 88100
1774003606463 72087.0 88150
1774003608260 220333.0 88200
1774003610049 312759.0 88250
1774003611792 203857.0 88300
1774003613517 119627.0 88350
1774003615231 194426.0 88400
1774003616967 231500.0 88450
1774003618778 253781.0 88500
1774003620533 153381.0 88550
1774003622309 153259.0 88600
1774003624023 309665.0 88650
1774003625735 92892.0 88700
1774003627453 302418.0 88750
1774003691315 276593.0 88800
1774003693367 91934.0 88850
1774003695138 214985.0 88900
1774003696902 216677.0 88950
1774003698635 119962.0 89000
1774003700364 223399.0 89050
1774003702079 385961.0 89100
1774003703737 335373.0 89150
1774003705545 232845.0 89200
1774003707303 262382.0 89250
1774003708991 170027.0 89300
1774003710801 173053.0 89350
1774003712515 269073.0 89400
1774003714248 177576.0 89450
1774003715996 562081.0 89500
1774003717673 597344.0 89550
1774003780765 236704.0 89600
1774003782639 228176.0 89650
1774003784391 335191.0 89700
1774003786128 289273.0 89750
1774003787899 134905.0 89800
1774003789699 221766.0 89850
1774003791445 187385.0 89900
1774003793249 448938.0 89950
1774003794981 134043.0 90000
1774003796749 741861.0 90050
1774003798471 242779.0 90100
1774003800256 211356.0 90150
1774003802056 501920.0 90200
1774003803837 197669.0 90250
1774003805540 237502.0 90300
1774003807239 54256.0 90350
1774003873492 180366.0 90400
1774003875385 254671.0 90450
1774003877118 308109.0 90500
1774003878868 317389.0 90550
1774003880586 126629.0 90600
1774003882319 295799.0 90650
1774003884036 193447.0 90700
1774003885748 263048.0 90750
1774003887566 241351.0 90800
1774003889331 240522.0 90850
1774003891063 179297.0 90900
1774003892840 1204946.0 90950
1774003894683 802763.0 91000
1774003896448 214400.0 91050
1774003898096 328894.0 91100
1774003899857 561111.0 91150
1774003962847 298470.0 91200
1774003964774 396504.0 91250
1774003966471 167268.0 91300
1774003968155 697034.0 91350
1774003969947 253992.0 91400
1774003971642 334882.0 91450
1774003973373 246363.0 91500
1774003975115 148447.0 91550
1774003976864 225964.0 91600
1774003978651 242174.0 91650
1774003980414 218315.0 91700
1774003982182 435357.0 91750
1774003983947 97569.0 91800
1774003985726 166981.0 91850
1774003987487 162914.0 91900
1774003989219 119502.0 91950
1774004052223 305722.0 92000
1774004054048 254608.0 92050
1774004055779 153336.0 92100
1774004057492 176082.0 92150
1774004059235 192790.0 92200
1774004060990 270622.0 92250
1774004062720 259045.0 92300
1774004064573 433006.0 92350
1774004066295 235619.0 92400
1774004068010 393922.0 92450
1774004069744 165593.0 92500
1774004071503 128890.0 92550
1774004073317 242786.0 92600
1774004075029 263372.0 92650
1774004076699 207555.0 92700
1774004078409 230889.0 92750
1774004141493 235421.0 92800
1774004143443 1192645.0 92850
1774004145167 701412.0 92900
1774004146969 272382.0 92950
1774004148713 519952.0 93000
1774004150502 246734.0 93050
1774004152245 265777.0 93100
1774004153979 228386.0 93150
1774004155734 304397.0 93200
1774004157483 303175.0 93250
1774004159224 499315.0 93300
1774004160999 243337.0 93350
1774004162743 1258802.0 93400
1774004164479 360571.0 93450
1774004166224 722085.0 93500
1774004167906 207387.0 93550
1774004231002 333315.0 93600
1774004232871 318455.0 93650
1774004234612 232570.0 93700
1774004236351 439875.0 93750
1774004238166 286591.0 93800
1774004239956 276183.0 93850
1774004241707 160522.0 93900
1774004243475 135191.0 93950
1774004245260 154226.0 94000
1774004246980 218730.0 94050
1774004248713 368896.0 94100
1774004250393 579441.0 94150
1774004252084 482670.0 94200
1774004253787 260525.0 94250
1774004255652 256026.0 94300
1774004257447 301838.0 94350
1774004320581 167569.0 94400
1774004322454 168631.0 94450
1774004324153 307675.0 94500
1774004325851 207663.0 94550
1774004327621 152008.0 94600
1774004329327 370534.0 94650
1774004331100 153122.0 94700
1774004332848 504326.0 94750
1774004334579 306084.0 94800
1774004336345 190069.0 94850
1774004338076 279584.0 94900
1774004339862 137053.0 94950
1774004341530 165545.0 95000
1774004343214 195288.0 95050
1774004344970 580509.0 95100
1774004346678 277685.0 95150
1774004409670 215758.0 95200
1774004411575 215192.0 95250
1774004413404 301075.0 95300
1774004415165 337296.0 95350
1774004416834 164506.0 95400
1774004418578 228560.0 95450
1774004420301 731424.0 95500
1774004422052 224760.0 95550
1774004423828 275760.0 95600
1774004425611 519842.0 95650
1774004427306 192967.0 95700
1774004429042 126247.0 95750
1774004430766 259460.0 95800
1774004432489 252535.0 95850
1774004434201 195665.0 95900
1774004435927 260368.0 95950
1774004498971 123434.0 96000
1774004500877 139757.0 96050
1774004502655 426313.0 96100
1774004504327 119112.0 96150
1774004506102 270896.0 96200
1774004507980 301657.0 96250
1774004509746 243076.0 96300
1774004511498 275762.0 96350
1774004513265 267212.0 96400
1774004515019 188386.0 96450
1774004516754 76057.0 96500
1774004518499 150911.0 96550
1774004520224 229459.0 96600
1774004521962 265679.0 96650
1774004523694 273046.0 96700
1774004525418 419463.0 96750
1774004589213 285623.0 96800
1774004591131 389171.0 96850
1774004592861 147066.0 96900
1774004594577 303184.0 96950
1774004596321 204501.0 97000
1774004598066 135723.0 97050
1774004599791 239946.0 97100
1774004601536 915944.0 97150
1774004603261 228794.0 97200
1774004604990 210604.0 97250
1774004606692 115084.0 97300
1774004608393 280707.0 97350
1774004610135 519323.0 97400
1774004611905 217332.0 97450
1774004613681 242232.0 97500
1774004615505 175008.0 97550
1774004679384 316136.0 97600
1774004681227 85872.0 97650
1774004683063 533100.0 97700
1774004684795 187213.0 97750
1774004686560 180032.0 97800
1774004688320 392488.0 97850
1774004690080 163090.0 97900
1774004691840 251857.0 97950
1774004693641 357015.0 98000
1774004695545 225454.0 98050
1774004697275 299174.0 98100
1774004699065 185192.0 98150
1774004700845 275618.0 98200
1774004702624 111111.0 98250
1774004704317 251664.0 98300
1774004706085 346606.0 98350
1774004770046 373499.0 98400
1774004772016 311877.0 98450
1774004773773 264953.0 98500
1774004775536 625322.0 98550
1774004777242 261758.0 98600
1774004779067 748888.0 98650
1774004780764 151265.0 98700
1774004782524 310748.0 98750
1774004784292 92214.0 98800
1774004786047 640954.0 98850
1774004787872 190093.0 98900
1774004789620 182292.0 98950
1774004791399 188840.0 99000
1774004793195 172291.0 99050
1774004794892 185411.0 99100
1774004796636 225711.0 99150
1774004859546 247623.0 99200
1774004861401 377139.0 99250
1774004863191 371236.0 99300
1774004864960 602673.0 99350
1774004866669 196706.0 99400
1774004868454 98146.0 99450
1774004870157 244916.0 99500
1774004871898 696977.0 99550
1774004873640 334672.0 99600
1774004875383 281987.0 99650
1774004877119 230216.0 99700
1774004878891 216290.0 99750
1774004880638 302429.0 99800
1774004882390 814903.0 99850
1774004884149 128542.0 99900
1774004885925 377843.0 99950
1774004949910 418151.0 100000
1774004951925 187566.0 100050
1774004953704 65112.0 100100
1774004955508 260204.0 100150
1774004957270 143070.0 100200
1774004959078 417640.0 100250
1774004960833 381499.0 100300
1774004962532 440864.0 100350
1774004964308 223518.0 100400
1774004966048 315231.0 100450
1774004967787 153278.0 100500
1774004969552 223552.0 100550
1774004971313 168479.0 100600
1774004973087 585313.0 100650
1774004974855 252920.0 100700
1774004976585 330970.0 100750
1774005039647 310201.0 100800
1774005041583 215970.0 100850
1774005043375 383122.0 100900
1774005045280 106217.0 100950
1774005047072 221893.0 101000
1774005048863 371469.0 101050
1774005050579 577269.0 101100
1774005052301 297966.0 101150
1774005054060 140128.0 101200
1774005055863 84385.0 101250
1774005057616 151798.0 101300
1774005059412 87813.0 101350
1774005061168 163486.0 101400
1774005062919 349119.0 101450
1774005064664 183816.0 101500
1774005066477 420460.0 101550
1774005129462 213542.0 101600
1774005131399 176020.0 101650
1774005133210 272751.0 101700
1774005134930 267383.0 101750
1774005136676 87094.0 101800
1774005138432 236254.0 101850
1774005140198 1095829.0 101900
1774005142022 246377.0 101950
1774005143765 259312.0 102000
1774005145457 292264.0 102050
1774005147193 90368.0 102100
1774005148987 195367.0 102150
1774005150746 40292.0 102200
1774005152492 205647.0 102250
1774005154218 285996.0 102300
1774005156005 295217.0 102350
1774005217339 166357.0 102400
1774005219241 318615.0 102450
1774005221027 310892.0 102500
1774005222722 246594.0 102550
1774005224530 30251.0 102600
1774005226396 178148.0 102650
1774005228152 538226.0 102700
1774005229916 233729.0 102750
1774005231746 98872.0 102800
1774005233561 182623.0 102850
1774005235335 250269.0 102900
1774005237179 94981.0 102950
1774005238973 232668.0 103000
1774005240728 258704.0 103050
1774005242554 397602.0 103100
1774005244304 233909.0 103150
1774005307377 137567.0 103200
1774005309176 220042.0 103250
1774005310890 146779.0 103300
1774005312679 322340.0 103350
1774005314414 269628.0 103400
1774005316170 911909.0 103450
1774005317975 231615.0 103500
1774005319721 118880.0 103550
1774005321505 294135.0 103600
1774005323303 294111.0 103650
1774005325063 273806.0 103700
1774005326850 125794.0 103750
1774005328577 195805.0 103800
1774005330339 187571.0 103850
1774005332197 105286.0 103900
1774005333995 285122.0 103950
1774005395432 352684.0 104000
1774005397359 181971.0 104050
1774005399199 542898.0 104100
1774005400944 295704.0 104150
1774005402656 276893.0 104200
1774005404420 494799.0 104250
1774005406146 296739.0 104300
1774005407957 223697.0 104350
1774005409663 259684.0 104400
1774005411412 270976.0 104450
1774005413183 183291.0 104500
1774005414943 191688.0 104550
1774005416640 165319.0 104600
1774005418402 277242.0 104650
1774005420201 181869.0 104700
1774005421963 281996.0 104750
1774005484991 392182.0 104800
1774005486999 209896.0 104850
1774005488764 105589.0 104900
1774005490549 194972.0 104950
1774005492326 199555.0 105000
1774005494101 176834.0 105050
1774005495872 137503.0 105100
1774005497652 273256.0 105150
1774005499448 112804.0 105200
1774005501191 350513.0 105250
1774005502939 202309.0 105300
1774005504748 550902.0 105350
1774005506586 298809.0 105400
1774005508329 242420.0 105450
1774005510117 351003.0 105500
1774005511907 160399.0 105550
1774005574995 253369.0 105600
1774005576908 336377.0 105650
1774005578658 262352.0 105700
1774005580418 321165.0 105750
1774005582182 390938.0 105800
1774005583946 144286.0 105850
1774005585743 526551.0 105900
1774005587452 397453.0 105950
1774005589220 329488.0 106000
1774005591000 326846.0 106050
1774005592895 280294.0 106100
1774005594725 345263.0 106150
1774005596486 84695.0 106200
1774005598276 157851.0 106250
1774005600045 208874.0 106300
1774005601821 165604.0 106350
1774005663182 154134.0 106400
1774005665051 299832.0 106450
1774005666842 222071.0 106500
1774005668586 647099.0 106550
1774005670335 266750.0 106600
1774005672129 85734.0 106650
1774005673925 168231.0 106700
1774005675685 62756.0 106750
1774005677454 192230.0 106800
1774005679235 357304.0 106850
1774005680985 250581.0 106900
1774005682760 214700.0 106950
1774005684555 124210.0 107000
1774005686280 173038.0 107050
1774005688031 112316.0 107100
1774005689749 191231.0 107150
1774005752633 303537.0 107200
1774005754489 216269.0 107250
1774005756257 185457.0 107300
1774005758048 234710.0 107350
1774005759743 337484.0 107400
1774005761507 214258.0 107450
1774005763280 237679.0 107500
1774005765005 189832.0 107550
1774005766830 206986.0 107600
1774005768575 326862.0 107650
1774005770371 1147273.0 107700
1774005772128 338084.0 107750
1774005773940 339483.0 107800
1774005775704 294787.0 107850
1774005777417 1178331.0 107900
1774005779187 133624.0 107950
1774005840732 221622.0 108000
1774005842665 217081.0 108050
1774005844415 354094.0 108100
1774005846259 230059.0 108150
1774005848018 308700.0 108200
1774005849766 374010.0 108250
1774005851528 300866.0 108300
1774005853302 252269.0 108350
1774005855061 239544.0 108400
1774005856856 277089.0 108450
1774005858598 453193.0 108500
1774005860376 129949.0 108550
1774005862157 250854.0 108600
1774005863933 77581.0 108650
1774005865702 136347.0 108700
1774005867431 355678.0 108750
1774005933695 268237.0 108800
1774005935567 134915.0 108850
1774005937315 182117.0 108900
1774005939097 569379.0 108950
1774005941029 283843.0 109000
1774005942804 225635.0 109050
1774005944539 350316.0 109100
1774005946257 270958.0 109150
1774005948055 269201.0 109200
1774005949821 255634.0 109250
1774005951567 348858.0 109300
1774005953337 253115.0 109350
1774005955100 332502.0 109400
1774005956844 429857.0 109450
1774005958651 242339.0 109500
1774005960428 129138.0 109550
1774006023520 139645.0 109600
1774006025428 344778.0 109650
1774006027300 123664.0 109700
1774006029051 142432.0 109750
1774006030782 181317.0 109800
1774006032533 255131.0 109850
1774006034341 189444.0 109900
1774006036123 336882.0 109950
1774006037948 536846.0 110000
1774006039676 252556.0 110050
1774006041507 354762.0 110100
1774006043276 115914.0 110150
1774006044994 174169.0 110200
1774006046804 483798.0 110250
1774006048568 356894.0 110300
1774006050369 238177.0 110350
1774006113388 281928.0 110400
1774006115313 273814.0 110450
1774006117106 227822.0 110500
1774006118926 209124.0 110550
1774006120726 192571.0 110600
1774006122475 342615.0 110650
1774006124274 512058.0 110700
1774006126066 300926.0 110750
1774006127812 194428.0 110800
1774006129598 336392.0 110850
1774006131392 251465.0 110900
1774006133187 320443.0 110950
1774006134885 281822.0 111000
1774006136633 359697.0 111050
1774006138407 214359.0 111100
1774006140184 481429.0 111150
1774006201643 231255.0 111200
1774006203504 244249.0 111250
1774006205265 147745.0 111300
1774006207110 160661.0 111350
1774006208843 265712.0 111400
1774006210662 184364.0 111450
1774006212459 147881.0 111500
1774006214214 520995.0 111550
1774006215986 317703.0 111600
1774006217732 148277.0 111650
1774006219658 376548.0 111700
1774006221409 149330.0 111750
1774006223202 134596.0 111800
1774006224951 246224.0 111850
1774006226737 349159.0 111900
1774006228515 339649.0 111950
1774006289971 129860.0 112000
1774006291903 261366.0 112050
1774006293660 258988.0 112100
1774006295423 231812.0 112150
1774006297216 164932.0 112200
1774006298948 159523.0 112250
1774006300760 214091.0 112300
1774006302486 237521.0 112350
1774006304278 255625.0 112400
1774006306087 154470.0 112450
1774006307850 567076.0 112500
1774006309604 237240.0 112550
1774006311354 126390.0 112600
1774006313189 128405.0 112650
1774006314981 197770.0 112700
1774006316873 348961.0 112750
1774006378347 75713.0 112800
1774006380285 190404.0 112850
1774006382034 310383.0 112900
1774006383813 379975.0 112950
1774006385549 105256.0 113000
1774006387339 346366.0 113050
1774006389197 125867.0 113100
1774006390944 276601.0 113150
1774006392697 185585.0 113200
1774006394456 420065.0 113250
1774006396264 359800.0 113300
1774006398004 144990.0 113350
1774006399864 276461.0 113400
1774006401656 242728.0 113450
1774006403448 320398.0 113500
1774006405257 273824.0 113550
1774006469222 383098.0 113600
1774006471197 140157.0 113650
1774006472969 637334.0 113700
1774006474756 152100.0 113750
1774006476517 390257.0 113800
1774006478351 196402.0 113850
1774006480223 119149.0 113900
1774006482038 321831.0 113950
1774006483798 223383.0 114000
1774006485551 132084.0 114050
1774006487330 206566.0 114100
1774006489142 136471.0 114150
1774006490932 328641.0 114200
1774006492661 184821.0 114250
1774006494403 212683.0 114300
1774006496195 1259021.0 114350
1774006559345 137139.0 114400
1774006561285 306061.0 114450
1774006563137 199895.0 114500
1774006564894 228787.0 114550
1774006566683 346706.0 114600
1774006568452 102780.0 114650
1774006570247 342070.0 114700
1774006572009 340641.0 114750
1774006573773 1124654.0 114800
1774006575537 259073.0 114850
1774006577302 393187.0 114900
1774006579086 260857.0 114950
1774006580836 171392.0 115000
1774006582618 226384.0 115050
1774006584334 203633.0 115100
1774006586064 378929.0 115150
1774006649216 288094.0 115200
1774006651163 341154.0 115250
1774006652940 360341.0 115300
1774006654669 287108.0 115350
1774006656595 247639.0 115400
1774006658395 138482.0 115450
1774006660153 42486.0 115500
1774006661922 281199.0 115550
1774006663680 379566.0 115600
1774006665415 171950.0 115650
1774006667205 421147.0 115700
1774006669019 144614.0 115750
1774006670781 151115.0 115800
1774006672554 361390.0 115850
1774006674296 191161.0 115900
1774006676101 225151.0 115950
1774006737593 289790.0 116000
1774006739608 125103.0 116050
1774006741416 198292.0 116100
1774006743209 148535.0 116150
1774006744931 253254.0 116200
1774006746760 319597.0 116250
1774006748536 176529.0 116300
1774006750390 255965.0 116350
1774006752122 1099314.0 116400
1774006754008 290648.0 116450
1774006755784 196645.0 116500
1774006757517 349705.0 116550
1774006759296 263474.0 116600
1774006761057 259439.0 116650
1774006762777 58137.0 116700
1774006764538 726861.0 116750
1774006827605 251846.0 116800
1774006829576 300373.0 116850
1774006831352 174441.0 116900
1774006833099 399175.0 116950
1774006834844 46757.0 117000
1774006836648 74101.0 117050
1774006838445 197395.0 117100
1774006840303 180085.0 117150
1774006842050 275236.0 117200
1774006843820 102329.0 117250
1774006845594 288265.0 117300
1774006847343 292416.0 117350
1774006849135 214433.0 117400
1774006850931 682878.0 117450
1774006852773 315831.0 117500
1774006854556 368483.0 117550
1774006917757 144146.0 117600
1774006919691 348739.0 117650
1774006921488 331042.0 117700
1774006923292 267408.0 117750
1774006925132 363590.0 117800
1774006926944 256719.0 117850
1774006928751 317149.0 117900
1774006930609 251228.0 117950
1774006932370 407628.0 118000
1774006934246 376757.0 118050
1774006936033 424664.0 118100
1774006937814 232509.0 118150
1774006939589 175801.0 118200
1774006941363 151146.0 118250
1774006943141 315516.0 118300
1774006944891 210240.0 118350
1774007006337 395123.0 118400
1774007008291 120419.0 118450
1774007010084 224512.0 118500
1774007011795 364615.0 118550
1774007013552 284304.0 118600
1774007015347 337770.0 118650
1774007017218 272914.0 118700
1774007019009 175203.0 118750
1774007020758 337503.0 118800
1774007022536 71221.0 118850
1774007024304 175759.0 118900
1774007026112 180873.0 118950
1774007027904 236563.0 119000
1774007029670 651126.0 119050
1774007031458 103836.0 119100
1774007033386 253800.0 119150
1774007094902 74751.0 119200
1774007096874 100383.0 119250
1774007098628 504980.0 119300
1774007100374 546230.0 119350
1774007102115 262596.0 119400
1774007103921 262083.0 119450
1774007105780 94657.0 119500
1774007107627 280085.0 119550
1774007109415 333653.0 119600
1774007111246 111788.0 119650
1774007112974 236697.0 119700
1774007114741 230325.0 119750
1774007116532 211382.0 119800
1774007118264 64203.0 119850
1774007120058 87847.0 119900
1774007121885 141904.0 119950
1774007184470 159039.0 120000
1774007186494 294203.0 120050
1774007188542 346501.0 120100
1774007190578 137586.0 120150
1774007192460 191706.0 120200
1774007194291 346153.0 120250
1774007196215 293531.0 120300
1774007198080 350316.0 120350
1774007200000 219812.0 120400
1774007201811 182213.0 120450
1774007203660 350602.0 120500
1774007205472 158124.0 120550
1774007207233 343511.0 120600
1774007208978 519801.0 120650
1774007210764 221232.0 120700
1774007212579 111440.0 120750
1774007275631 295966.0 120800
1774007277694 432696.0 120850
1774007279504 186441.0 120900
1774007281383 156149.0 120950
1774007283155 501460.0 121000
1774007284946 624361.0 121050
1774007286747 341720.0 121100
1774007288570 160713.0 121150
1774007290371 242878.0 121200
1774007292200 153862.0 121250
1774007293982 184603.0 121300
1774007295772 179274.0 121350
1774007297597 157772.0 121400
1774007299423 462357.0 121450
1774007301250 101767.0 121500
1774007303039 557122.0 121550
1774007366290 377564.0 121600
1774007368218 341591.0 121650
1774007369971 135374.0 121700
1774007371811 265342.0 121750
1774007373635 249239.0 121800
1774007375441 513752.0 121850
1774007377261 264606.0 121900
1774007378999 202593.0 121950
1774007380800 275186.0 122000
1774007382583 578364.0 122050
1774007384425 199550.0 122100
1774007386241 158534.0 122150
1774007388070 382342.0 122200
1774007389864 144909.0 122250
1774007391646 287096.0 122300
1774007393512 232106.0 122350
1774007461421 150668.0 122400
1774007463334 177138.0 122450
1774007465151 220448.0 122500
1774007467019 174856.0 122550
1774007468856 134732.0 122600
1774007470680 211147.0 122650
1774007472551 237867.0 122700
1774007474467 465135.0 122750
1774007476292 565543.0 122800
1774007478279 182250.0 122850
1774007480145 140053.0 122900
1774007481974 236386.0 122950
1774007483852 531547.0 123000
1774007485834 264165.0 123050
1774007487710 490811.0 123100
1774007489586 119304.0 123150
1774007562425 263038.0 123200
1774007564602 584722.0 123250
1774007566435 99746.0 123300
1774007568329 460326.0 123350
1774007570218 309352.0 123400
1774007572110 436469.0 123450
1774007573908 172079.0 123500
1774007575779 184844.0 123550
1774007577646 203686.0 123600
1774007579535 182236.0 123650
1774007581394 239642.0 123700
1774007583285 773069.0 123750
1774007585144 284359.0 123800
1774007586995 94072.0 123850
1774007588987 166621.0 123900
1774007590856 53923.0 123950
1774007660477 469995.0 124000
1774007662505 383583.0 124050
1774007664389 197657.0 124100
1774007666244 186253.0 124150
1774007668090 142045.0 124200
1774007669948 199329.0 124250
1774007671884 234175.0 124300
1774007673719 187368.0 124350
1774007675601 243509.0 124400
1774007677478 553106.0 124450
1774007679361 86754.0 124500
1774007681263 302214.0 124550
1774007683232 67741.0 124600
1774007685078 228420.0 124650
1774007686903 305820.0 124700
1774007688750 172323.0 124750
1774007756767 127542.0 124800
1774007758841 110419.0 124850
1774007760638 158452.0 124900
1774007762511 267294.0 124950
1774007764413 94489.0 125000
1774007766233 323247.0 125050
1774007768056 231881.0 125100
1774007769946 231462.0 125150
1774007771791 246499.0 125200
1774007773677 248017.0 125250
1774007775528 139723.0 125300
1774007777415 136649.0 125350
1774007779289 201210.0 125400
1774007781186 100480.0 125450
1774007783040 252185.0 125500
1774007784915 166675.0 125550
1774007854515 243310.0 125600
1774007856656 85073.0 125650
1774007858513 188075.0 125700
1774007860341 197722.0 125750
1774007862175 91015.0 125800
1774007864083 241167.0 125850
1774007865947 211817.0 125900
1774007867793 224241.0 125950
1774007869647 207752.0 126000
1774007871533 230160.0 126050
1774007873406 164678.0 126100
1774007875293 298457.0 126150
1774007877086 267490.0 126200
1774007878960 284957.0 126250
1774007880792 220226.0 126300
1774007882697 191412.0 126350
1774007952568 242491.0 126400
1774007954639 167370.0 126450
1774007956515 278875.0 126500
1774007958385 216174.0 126550
1774007960204 263497.0 126600
1774007962134 123719.0 126650
1774007964056 328699.0 126700
1774007965986 264879.0 126750
1774007967791 226691.0 126800
1774007969679 661044.0 126850
1774007971488 335189.0 126900
1774007973393 234496.0 126950
1774007975276 194325.0 127000
1774007977141 657879.0 127050
1774007979043 286715.0 127100
1774007980892 323378.0 127150
1774008048983 385805.0 127200
1774008050924 304876.0 127250
1774008052750 239334.0 127300
1774008054579 335890.0 127350
1774008056470 878184.0 127400
1774008058444 287934.0 127450
1774008060302 134430.0 127500
1774008062136 685213.0 127550
1774008064051 108996.0 127600
1774008065864 549897.0 127650
1774008067759 210296.0 127700
1774008069617 313177.0 127750
1774008071438 253258.0 127800
1774008073308 293170.0 127850
1774008075185 166708.0 127900
1774008077044 154350.0 127950
1774008144969 131441.0 128000
1774008146964 286157.0 128050
1774008148856 240374.0 128100
1774008150823 230827.0 128150
1774008152716 388923.0 128200
1774008154551 238115.0 128250
1774008156482 161353.0 128300
1774008158334 165221.0 128350
1774008160204 846094.0 128400
1774008162010 145976.0 128450
1774008163865 377146.0 128500
1774008165751 213481.0 128550
1774008167579 256149.0 128600
1774008169459 490555.0 128650
1774008171301 241790.0 128700
1774008173143 122149.0 128750
1774008243639 238960.0 128800
1774008245738 155251.0 128850
1774008247642 204426.0 128900
1774008249532 142020.0 128950
1774008251373 464191.0 129000
1774008253311 225751.0 129050
1774008255199 136624.0 129100
1774008257042 160213.0 129150
1774008258908 83586.0 129200
1774008260749 195336.0 129250
1774008262657 188022.0 129300
1774008264593 231702.0 129350
1774008266411 268608.0 129400
1774008268341 259216.0 129450
1774008270197 258800.0 129500
1774008272095 225361.0 129550
1774008341817 229326.0 129600
1774008343917 366279.0 129650
1774008345871 450632.0 129700
1774008347701 179085.0 129750
1774008349552 103101.0 129800
1774008351479 228062.0 129850
1774008353308 315706.0 129900
1774008355177 261578.0 129950
1774008357204 215747.0 130000
1774008359074 206742.0 130050
1774008360927 208143.0 130100
1774008362783 216604.0 130150
1774008364649 438815.0 130200
1774008366558 93547.0 130250
1774008368454 279991.0 130300
1774008370354 377847.0 130350
1774008438324 343725.0 130400
1774008440399 156066.0 130450
1774008442275 278708.0 130500
1774008444118 172583.0 130550
1774008445955 155570.0 130600
1774008447801 102988.0 130650
1774008449685 93749.0 130700
1774008451551 101070.0 130750
1774008453497 140666.0 130800
1774008455397 234726.0 130850
1774008457257 212124.0 130900
1774008459105 230330.0 130950
1774008461136 680835.0 131000
1774008463067 272849.0 131050
1774008464928 425176.0 131100
1774008466787 183954.0 131150
1774008536535 325487.0 131200
1774008538741 475842.0 131250
1774008540744 140749.0 131300
1774008542741 213442.0 131350
1774008544613 225799.0 131400
1774008546558 340254.0 131450
1774008548551 307401.0 131500
1774008550656 206679.0 131550
1774008552900 308350.0 131600
1774008554836 112854.0 131650
1774008556914 94236.0 131700
1774008558872 258888.0 131750
1774008560719 307699.0 131800
1774008562646 128055.0 131850
1774008564588 429907.0 131900
1774008566518 301009.0 131950
1774008639723 317191.0 132000
1774008641871 136769.0 132050
1774008643806 100205.0 132100
1774008645715 163585.0 132150
1774008647655 241115.0 132200
1774008649569 132917.0 132250
1774008651460 275652.0 132300
1774008653279 158319.0 132350
1774008655185 340427.0 132400
1774008657114 362611.0 132450
1774008659001 171151.0 132500
1774008660860 48692.0 132550
1774008662778 237135.0 132600
1774008664600 101911.0 132650
1774008666463 153360.0 132700
1774008668404 182548.0 132750
1774008736265 391120.0 132800
1774008738396 275031.0 132850
1774008740330 241123.0 132900
1774008742235 134108.0 132950
1774008744094 163428.0 133000
1774008746144 339018.0 133050
1774008748022 396958.0 133100
1774008749960 385064.0 133150
1774008751855 123414.0 133200
1774008753720 196699.0 133250
1774008755575 286647.0 133300
1774008757492 341008.0 133350
1774008759400 241360.0 133400
1774008761271 479452.0 133450
1774008763112 297865.0 133500
1774008765034 161958.0 133550
1774008835840 252776.0 133600
1774008837907 299343.0 133650
1774008839818 361706.0 133700
1774008841740 259882.0 133750
1774008843761 295663.0 133800
1774008845566 274009.0 133850
1774008847435 160859.0 133900
1774008849297 255542.0 133950
1774008851226 153172.0 134000
1774008853132 310251.0 134050
1774008855151 157931.0 134100
1774008857016 228170.0 134150
1774008858932 256533.0 134200
1774008860805 97549.0 134250
1774008862675 139551.0 134300
1774008864559 282117.0 134350
1774008934321 302742.0 134400
1774008936500 220749.0 134450
1774008938430 200710.0 134500
1774008940340 222976.0 134550
1774008942240 222537.0 134600
1774008944156 228830.0 134650
1774008946118 439947.0 134700
1774008948042 363387.0 134750
1774008949993 160042.0 134800
1774008951912 462669.0 134850
1774008953866 402962.0 134900
1774008955740 207322.0 134950
1774008957825 459435.0 135000
1774008959715 471257.0 135050
1774008961550 375841.0 135100
1774008963434 274794.0 135150
1774009031773 193673.0 135200
1774009033844 208145.0 135250
1774009035712 137802.0 135300
1774009037612 227790.0 135350
1774009039558 186517.0 135400
1774009041416 235351.0 135450
1774009043360 389973.0 135500
1774009045217 289363.0 135550
1774009047140 149920.0 135600
1774009049050 171675.0 135650
1774009050915 336126.0 135700
1774009052843 282564.0 135750
1774009054872 230880.0 135800
1774009056757 217744.0 135850
1774009058648 208635.0 135900
1774009060585 231163.0 135950
1774009128741 322797.0 136000
1774009130835 116725.0 136050
1774009132772 175972.0 136100
1774009134703 180106.0 136150
1774009136669 135893.0 136200
1774009138676 236037.0 136250
1774009140613 171636.0 136300
1774009142551 190816.0 136350
1774009144469 117472.0 136400
1774009146454 240639.0 136450
1774009148308 306993.0 136500
1774009150367 231645.0 136550
1774009152258 333826.0 136600
1774009154265 566339.0 136650
1774009156204 381329.0 136700
1774009158075 241104.0 136750
1774009226352 283589.0 136800
1774009228442 298049.0 136850
1774009230328 195467.0 136900
1774009232247 98601.0 136950
1774009234216 216907.0 137000
1774009236128 409002.0 137050
1774009238007 322693.0 137100
1774009239930 312114.0 137150
1774009241821 251406.0 137200
1774009243694 238964.0 137250
1774009245648 117264.0 137300
1774009247511 765974.0 137350
1774009249432 307604.0 137400
1774009251314 223668.0 137450
1774009253387 119959.0 137500
1774009255331 156562.0 137550
1774009323461 206148.0 137600
1774009325541 236719.0 137650
1774009327492 218199.0 137700
1774009329379 157251.0 137750
1774009331293 309653.0 137800
1774009333190 291169.0 137850
1774009335143 213764.0 137900
1774009337002 71236.0 137950
1774009338877 110580.0 138000
1774009340812 202288.0 138050
1774009342718 417217.0 138100
1774009344628 270826.0 138150
1774009346538 279688.0 138200
1774009348456 243509.0 138250
1774009350313 171056.0 138300
1774009352219 248198.0 138350
1774009422131 477213.0 138400
1774009424182 277181.0 138450
1774009426121 379588.0 138500
1774009427991 386745.0 138550
1774009429928 68254.0 138600
1774009431947 647873.0 138650
1774009433892 276219.0 138700
1774009435791 322553.0 138750
1774009437740 276612.0 138800
1774009439639 241795.0 138850
1774009441530 122230.0 138900
1774009443481 283160.0 138950
1774009445416 123655.0 139000
1774009447306 312446.0 139050
1774009449248 283398.0 139100
1774009451186 126076.0 139150
1774009519486 270907.0 139200
1774009521585 110378.0 139250
1774009523568 378083.0 139300
1774009525460 96509.0 139350
1774009527397 212376.0 139400
1774009529245 504565.0 139450
1774009531197 425175.0 139500
1774009533079 253642.0 139550
1774009535017 496484.0 139600
1774009536894 1247352.0 139650
1774009538929 582923.0 139700
1774009540869 367609.0 139750
1774009542773 172811.0 139800
1774009544688 528092.0 139850
1774009546644 249817.0 139900
1774009548535 501497.0 139950
1774009616656 758111.0 140000
1774009618707 643429.0 140050
1774009620698 118197.0 140100
1774009622563 128048.0 140150
1774009624557 159665.0 140200
1774009626454 98377.0 140250
1774009628355 390248.0 140300
1774009630240 713522.0 140350
1774009632311 124000.0 140400
1774009634258 181803.0 140450
1774009636149 156286.0 140500
1774009638050 258301.0 140550
1774009639987 69486.0 140600
1774009641904 121751.0 140650
1774009643866 246982.0 140700
1774009645794 276422.0 140750
1774009716591 133562.0 140800
1774009718615 179775.0 140850
1774009720583 238872.0 140900
1774009722499 98177.0 140950
1774009724453 233479.0 141000
1774009726340 146508.0 141050
1774009728238 326210.0 141100
1774009730156 165847.0 141150
1774009732085 176187.0 141200
1774009734089 259437.0 141250
1774009736030 330863.0 141300
1774009737984 171361.0 141350
1774009739921 434422.0 141400
1774009741782 215606.0 141450
1774009743693 153312.0 141500
1774009745767 131904.0 141550
1774009816616 199296.0 141600
1774009818844 165118.0 141650
1774009820773 129404.0 141700
1774009822669 162206.0 141750
1774009824566 70276.0 141800
1774009826537 414646.0 141850
1774009828519 228061.0 141900
1774009830510 156234.0 141950
1774009832457 151070.0 142000
1774009834405 309449.0 142050
1774009836355 289247.0 142100
1774009838315 243522.0 142150
1774009840379 162750.0 142200
1774009842253 269481.0 142250
1774009844263 232269.0 142300
1774009846173 220740.0 142350
1774009914494 297378.0 142400
1774009916597 563430.0 142450
1774009918584 723295.0 142500
1774009920503 378758.0 142550
1774009922469 181867.0 142600
1774009924374 200245.0 142650
1774009926290 230520.0 142700
1774009928194 205348.0 142750
1774009930135 477050.0 142800
1774009932057 534106.0 142850
1774009933999 313571.0 142900
1774009936044 265555.0 142950
1774009937993 333743.0 143000
1774009939874 320579.0 143050
1774009941765 494887.0 143100
1774009943663 144587.0 143150
1774010011933 145786.0 143200
1774010014151 335305.0 143250
1774010016040 210622.0 143300
1774010017961 243064.0 143350
1774010020029 261930.0 143400
1774010021924 398105.0 143450
1774010023806 497083.0 143500
1774010025716 125451.0 143550
1774010027673 139730.0 143600
1774010029572 282471.0 143650
1774010031475 95549.0 143700
1774010033407 659411.0 143750
1774010035341 388914.0 143800
1774010037292 121109.0 143850
1774010039163 89706.0 143900
1774010041137 235470.0 143950
1774010111208 177324.0 144000
1774010113272 663909.0 144050
1774010115220 205634.0 144100
1774010117230 551634.0 144150
1774010119234 143673.0 144200
1774010121176 261884.0 144250
1774010123111 184647.0 144300
1774010125024 306936.0 144350
1774010127082 122391.0 144400
1774010129032 430410.0 144450
1774010130940 314762.0 144500
1774010132861 374335.0 144550
1774010134863 194963.0 144600
1774010136753 65186.0 144650
1774010138641 199642.0 144700
1774010140616 270987.0 144750
1774010213747 384242.0 144800
1774010215860 335726.0 144850
1774010217936 411412.0 144900
1774010219755 386887.0 144950
1774010221702 182265.0 145000
1774010223589 160656.0 145050
1774010225505 376764.0 145100
1774010227388 172426.0 145150
1774010229351 189022.0 145200
1774010231252 330833.0 145250
1774010233204 236200.0 145300
1774010235126 209101.0 145350
1774010237082 409479.0 145400
1774010238997 161157.0 145450
1774010240934 400670.0 145500
1774010242900 207524.0 145550
1774010311119 193333.0 145600
1774010313322 325012.0 145650
1774010315248 318120.0 145700
1774010317107 259070.0 145750
1774010319034 275541.0 145800
1774010320941 122816.0 145850
1774010322836 482210.0 145900
1774010324765 490164.0 145950
1774010326809 207018.0 146000
1774010328710 284443.0 146050
1774010330622 183062.0 146100
1774010332561 202150.0 146150
1774010334517 307996.0 146200
1774010336398 347583.0 146250
1774010338322 396225.0 146300
1774010340250 218705.0 146350
1774010408467 379981.0 146400
1774010410686 378954.0 146450
1774010412746 419696.0 146500
1774010414642 237412.0 146550
1774010416589 310615.0 146600
1774010418492 224717.0 146650
1774010420433 179391.0 146700
1774010422399 535382.0 146750
1774010424359 100430.0 146800
1774010426325 117102.0 146850
1774010428284 434642.0 146900
1774010430248 155334.0 146950
1774010432163 294311.0 147000
1774010434131 285214.0 147050
1774010436080 192576.0 147100
1774010438041 252044.0 147150
1774010510628 188191.0 147200
1774010512800 103219.0 147250
1774010514696 125642.0 147300
1774010516633 180874.0 147350
1774010518617 317810.0 147400
1774010520571 156442.0 147450
1774010522706 159870.0 147500
1774010524659 159129.0 147550
1774010526728 247627.0 147600
1774010528780 443726.0 147650
1774010530796 332002.0 147700
1774010532714 106519.0 147750
1774010534707 298662.0 147800
1774010536671 511140.0 147850
1774010538681 224305.0 147900
1774010540725 213810.0 147950
1774010612489 155673.0 148000
1774010614653 370282.0 148050
1774010616703 278958.0 148100
1774010618797 676809.0 148150
1774010620771 171859.0 148200
1774010622699 345331.0 148250
1774010624764 298075.0 148300
1774010626718 255743.0 148350
1774010628731 291600.0 148400
1774010630807 184545.0 148450
1774010632842 387171.0 148500
1774010634830 148172.0 148550
1774010636813 557952.0 148600
1774010638793 139074.0 148650
1774010640748 456643.0 148700
1774010642643 289846.0 148750
1774010714624 265173.0 148800
1774010716841 373266.0 148850
1774010718849 390069.0 148900
1774010720812 196567.0 148950
1774010722786 222780.0 149000
1774010724815 168175.0 149050
1774010726879 82372.0 149100
1774010729017 359523.0 149150
1774010731042 295512.0 149200
1774010733083 691861.0 149250
1774010735143 286351.0 149300
1774010737179 473214.0 149350
1774010739171 294257.0 149400
1774010741175 190167.0 149450
1774010743166 149229.0 149500
1774010745081 251236.0 149550
1774010820249 172410.0 149600
1774010822511 178510.0 149650
1774010824532 284044.0 149700
1774010826600 160046.0 149750
1774010828667 422176.0 149800
1774010830600 320046.0 149850
1774010832593 78292.0 149900
1774010834713 239372.0 149950
1774010836725 382690.0 150000
1774010838748 291170.0 150050
1774010840661 215046.0 150100
1774010842692 474205.0 150150
1774010844563 347063.0 150200
1774010846477 270890.0 150250
1774010848500 209572.0 150300
1774010850539 336676.0 150350
1773993487161 266311.0 0
