1773993602796 1185.9580078125 800
1773993699234 1054.0028076171875 1600
1773993793960 1074.7799072265625 2400
1773993891158 921.9083251953125 3200
1773993983586 1073.3763427734375 4000
1773994077429 891.3175659179688 4800
1773994174442 985.6527709960938 5600
1773994268346 970.06005859375 6400
1773994362285 852.264892578125 7200
1773994454604 950.5478515625 8000
1773994542871 1112.7037353515625 8800
1773994630737 1051.6141357421875 9600
1773994717257 1126.7908935546875 10400
1773994803949 1052.4803466796875 11200
1773994891765 1096.28076171875 12000
1773994978456 1030.1875 12800
1773995064361 1117.1072998046875 13600
1773995154597 1111.33837890625 14400
1773995244759 1104.77734375 15200
1773995331409 1094.08984375 16000
1773995418136 975.158447265625 16800
1773995503468 970.2738647460938 17600
1773995590489 1067.5347900390625 18400
1773995676145 1049.06396484375 19200
1773995761554 969.6126098632812 20000
1773995847002 1211.535888671875 20800
1773995934380 1034.598876953125 21600
1773996021549 1085.7886962890625 22400
1773996111954 1074.4788818359375 23200
1773996197497 1069.3704833984375 24000
1773996283296 1220.5885009765625 24800
1773996370904 1056.1343994140625 25600
1773996458083 1068.3955078125 26400
1773996545665 1123.832275390625 27200
1773996633155 1180.151123046875 28000
1773996721424 1144.004150390625 28800
1773996806996 1071.47021484375 29600
1773996894620 1111.5582275390625 30400
1773996982993 1088.0701904296875 31200
1773997070479 1006.27294921875 32000
1773997156404 975.8482055664062 32800
1773997243879 1052.62353515625 33600
1773997331672 1226.6990966796875 34400
1773997420299 981.8223876953125 35200
1773997507945 1127.805419921875 36000
1773997595723 953.0742797851562 36800
1773997682156 1105.5087890625 37600
1773997773245 1296.21044921875 38400
1773997863835 1235.3101806640625 39200
1773997951626 1124.39208984375 40000
1773998039429 1121.7447509765625 40800
1773998130822 1173.8414306640625 41600
1773998217083 1041.95458984375 42400
1773998305010 1151.828369140625 43200
1773998393731 1060.4461669921875 44000
1773998480061 1343.0906982421875 44800
1773998568133 1249.408935546875 45600
1773998657036 1038.7684326171875 46400
1773998744816 1228.293701171875 47200
1773998840613 975.0194702148438 48000
1773998939313 1111.2197265625 48800
1773999040628 1218.5953369140625 49600
1773999134538 1240.64697265625 50400
1773999228134 1222.3494873046875 51200
1773999323419 1146.2088623046875 52000
1773999418757 1109.7191162109375 52800
1773999514153 1367.7686767578125 53600
1773999608072 1170.0198974609375 54400
1773999703556 1205.748046875 55200
1773999799379 1047.79931640625 56000
1773999894862 1161.5035400390625 56800
1773999991597 1219.7891845703125 57600
1774000087595 1229.0589599609375 58400
1774000181551 987.1077270507812 59200
1774000275834 1231.6436767578125 60000
1774000371812 1268.85302734375 60800
1774000471056 1166.182861328125 61600
1774000567107 1167.597412109375 62400
1774000661287 1240.9759521484375 63200
1774000760398 1087.5062255859375 64000
1774000856618 1172.5799560546875 64800
1774000953638 1317.9947509765625 65600
1774001047876 1298.730224609375 66400
1774001147241 1106.3648681640625 67200
1774001241937 1163.3033447265625 68000
1774001337927 1229.2578125 68800
1774001434847 1230.780517578125 69600
1774001531222 1222.864013671875 70400
1774001627366 1155.7066650390625 71200
1774001721873 1259.1221923828125 72000
1774001818044 1218.8155517578125 72800
1774001914303 1353.1676025390625 73600
1774002009156 1201.957763671875 74400
1774002108919 1165.6201171875 75200
1774002205437 1264.52978515625 76000
1774002302988 1242.445068359375 76800
1774002397689 1197.5948486328125 77600
1774002495276 1264.0252685546875 78400
1774002591705 1066.244140625 79200
1774002689280 1257.8043212890625 80000
1774002789191 1229.4783935546875 80800
1774002883956 1063.7679443359375 81600
1774002978282 1237.456787109375 82400
1774003067190 1357.1461181640625 83200
1774003154475 1288.0911865234375 84000
1774003243605 1283.76123046875 84800
1774003335839 1195.4364013671875 85600
1774003423414 1264.907470703125 86400
1774003512436 1358.399658203125 87200
1774003599921 1193.0537109375 88000
1774003690233 1211.8050537109375 88800
1774003779697 1330.055419921875 89600
1774003872410 1194.2811279296875 90400
1774003961783 1269.3590087890625 91200
1774004051143 1196.56591796875 92000
1774004140403 1144.9019775390625 92800
1774004229903 1080.037353515625 93600
1774004319498 1274.3236083984375 94400
1774004408576 1218.208251953125 95200
1774004497862 1073.5513916015625 96000
1774004588116 1255.259033203125 96800
1774004678271 1252.859375 97600
1774004768933 1391.7010498046875 98400
1774004858451 1076.8714599609375 99200
1774004948793 1161.853759765625 100000
1774005038539 1423.8155517578125 100800
1774005128351 1102.3212890625 101600
1774005216229 1214.7537841796875 102400
1774005306248 1310.705078125 103200
1774005394318 1292.1153564453125 104000
1774005483879 1291.7421875 104800
1774005573872 1253.408935546875 105600
1774005662054 1087.296630859375 106400
1774005751490 1323.53955078125 107200
1774005839606 1378.5509033203125 108000
1774005932552 1075.9671630859375 108800
1774006022379 1199.44189453125 109600
1774006112246 1303.5517578125 110400
1774006200498 1318.28369140625 111200
1774006288812 1163.9652099609375 112000
1774006377173 1391.0576171875 112800
1774006468061 1407.5057373046875 113600
1774006558173 1302.6719970703125 114400
1774006648041 1142.07763671875 115200
1774006736450 1148.8408203125 116000
1774006826429 1073.2569580078125 116800
1774006916598 1416.6680908203125 117600
1774007005183 1214.45849609375 118400
1774007093759 1244.0745849609375 119200
1774007183262 1232.994384765625 120000
1774007274459 1082.447265625 120800
1774007365105 1069.803955078125 121600
1774007460243 1218.09619140625 122400
1774007561246 1325.871826171875 123200
1774007659300 1371.1517333984375 124000
1774007755589 1364.503173828125 124800
1774007853340 1246.8656005859375 125600
1774007951269 1192.81591796875 126400
1774008047795 1201.31689453125 127200
1774008143781 1308.90771484375 128000
1774008242454 1273.9566650390625 128800
1774008340644 1303.421630859375 129600
1774008437134 1144.537841796875 130400
1774008535329 1158.1463623046875 131200
1774008638548 1267.882080078125 132000
1774008735090 1079.7060546875 132800
1774008834661 1252.7181396484375 133600
1774008933145 1213.8612060546875 134400
1774009030591 1427.3394775390625 135200
1774009127567 1316.265625 136000
1774009225172 1413.4296875 136800
1774009322286 1303.4736328125 137600
1774009420940 1404.6485595703125 138400
1774009518273 1452.3402099609375 139200
1774009615475 1210.8006591796875 140000
1774009715390 1198.9073486328125 140800
1774009815410 1209.9820556640625 141600
1774009913294 1417.8223876953125 142400
1774010010715 1279.3363037109375 143200
1774010109989 1325.380859375 144000
1774010212541 1518.6282958984375 144800
1774010309901 1514.6343994140625 145600
1774010407260 1323.474609375 146400
1774010509369 1138.758544921875 147200
1774010611300 1301.968994140625 148000
1774010713311 1432.4017333984375 148800
1774010818976 1357.931396484375 149600
1774010925866 1338.171875 150400
