1773993602796 0.0028946807142347097 800
1773993699234 0.00167281914036721 1600
1773993793960 0.0005343197262845933 2400
1773993891158 -0.00023069675080478191 3200
1773993983586 -0.0007969958824105561 4000
1773994077429 -0.0015142048941925168 4800
1773994174442 -0.002615927718579769 5600
1773994268346 -0.0035171874333173037 6400
1773994362285 -0.004119174089282751 7200
1773994454604 -0.005305508151650429 8000
1773994542871 -0.00614692410454154 8800
1773994630737 -0.00680788466706872 9600
1773994717257 -0.007510615047067404 10400
1773994803949 -0.00813441351056099 11200
1773994891765 -0.008901979774236679 12000
1773994978456 -0.00930088385939598 12800
1773995064361 -0.009746242314577103 13600
1773995154597 -0.010154388844966888 14400
1773995244759 -0.010435402393341064 15200
1773995331409 -0.010614106431603432 16000
1773995418136 -0.010716939345002174 16800
1773995503468 -0.0111866295337677 17600
1773995590489 -0.011121058836579323 18400
1773995676145 -0.011697214096784592 19200
1773995761554 -0.012116039171814919 20000
1773995847002 -0.012310300022363663 20800
1773995934380 -0.012586534954607487 21600
1773996021549 -0.012891069054603577 22400
1773996111954 -0.012980188243091106 23200
1773996197497 -0.013027604669332504 24000
1773996283296 -0.01309798751026392 24800
1773996370904 -0.013184103183448315 25600
1773996458083 -0.013542596250772476 26400
1773996545665 -0.013808472082018852 27200
1773996633155 -0.014349428936839104 28000
1773996721424 -0.01452976930886507 28800
1773996806996 -0.01467687077820301 29600
1773996894620 -0.014833993278443813 30400
1773996982993 -0.015052234753966331 31200
1773997070479 -0.015280608087778091 32000
1773997156404 -0.015650004148483276 32800
1773997243879 -0.015829281881451607 33600
1773997331672 -0.01572003960609436 34400
1773997420299 -0.01599234901368618 35200
1773997507945 -0.016428295522928238 36000
1773997595723 -0.01655690185725689 36800
1773997682156 -0.016881588846445084 37600
1773997773245 -0.0170261450111866 38400
1773997863835 -0.017329102382063866 39200
1773997951626 -0.017566444352269173 40000
1773998039429 -0.017699511721730232 40800
1773998130822 -0.017630312591791153 41600
1773998217083 -0.017871733754873276 42400
1773998305010 -0.01790415123105049 43200
1773998393731 -0.018149899318814278 44000
1773998480061 -0.018048543483018875 44800
1773998568133 -0.018500812351703644 45600
1773998657036 -0.0191081240773201 46400
1773998744816 -0.019207226112484932 47200
1773998840613 -0.019585970789194107 48000
1773998939313 -0.019404709339141846 48800
1773999040628 -0.019753145053982735 49600
1773999134538 -0.019723640754818916 50400
1773999228134 -0.02020144648849964 51200
1773999323419 -0.020253563299775124 52000
1773999418757 -0.020303217694163322 52800
1773999514153 -0.02058652602136135 53600
1773999608072 -0.020965727046132088 54400
1773999703556 -0.02106611244380474 55200
1773999799379 -0.02139424718916416 56000
1773999894862 -0.02141190506517887 56800
1773999991597 -0.0217568501830101 57600
1774000087595 -0.022124033421278 58400
1774000181551 -0.02231897972524166 59200
1774000275834 -0.022450031712651253 60000
1774000371812 -0.022587593644857407 60800
1774000471056 -0.02309049665927887 61600
1774000567107 -0.023405201733112335 62400
1774000661287 -0.023487333208322525 63200
1774000760398 -0.02361014299094677 64000
1774000856618 -0.023631831631064415 64800
1774000953638 -0.023821409791707993 65600
1774001047876 -0.02411588281393051 66400
1774001147241 -0.024231180548667908 67200
1774001241937 -0.024503832682967186 68000
1774001337927 -0.024475697427988052 68800
1774001434847 -0.024599682539701462 69600
1774001531222 -0.025145260617136955 70400
1774001627366 -0.025437569245696068 71200
1774001721873 -0.025633184239268303 72000
1774001818044 -0.025887688621878624 72800
1774001914303 -0.025809407234191895 73600
1774002009156 -0.026178104802966118 74400
1774002108919 -0.026307957246899605 75200
1774002205437 -0.02652057446539402 76000
1774002302988 -0.02667362242937088 76800
1774002397689 -0.02687777206301689 77600
1774002495276 -0.027307048439979553 78400
1774002591705 -0.027280986309051514 79200
1774002689280 -0.027551284059882164 80000
1774002789191 -0.02761811949312687 80800
1774002883956 -0.027595672756433487 81600
1774002978282 -0.027626991271972656 82400
1774003067190 -0.027415020391345024 83200
1774003154475 -0.02779495343565941 84000
1774003243605 -0.028125368058681488 84800
1774003335839 -0.028243502601981163 85600
1774003423414 -0.028681591153144836 86400
1774003512436 -0.028870755806565285 87200
1774003599921 -0.0291653610765934 88000
1774003690233 -0.029118554666638374 88800
1774003779697 -0.02921283431351185 89600
1774003872410 -0.029523955658078194 90400
1774003961783 -0.029804091900587082 91200
1774004051143 -0.029971696436405182 92000
1774004140403 -0.030237285420298576 92800
1774004229903 -0.030169112607836723 93600
1774004319498 -0.03018774837255478 94400
1774004408576 -0.030156608670949936 95200
1774004497862 -0.030625805258750916 96000
1774004588116 -0.030984481796622276 96800
1774004678271 -0.031238755211234093 97600
1774004768933 -0.03133052960038185 98400
1774004858451 -0.03167786821722984 99200
1774004948793 -0.03146423026919365 100000
1774005038539 -0.03162742033600807 100800
1774005128351 -0.032335203140974045 101600
1774005216229 -0.0323454774916172 102400
1774005306248 -0.03257449343800545 103200
1774005394318 -0.032872963696718216 104000
1774005483879 -0.033014584332704544 104800
1774005573872 -0.033050503581762314 105600
1774005662054 -0.03322301432490349 106400
1774005751490 -0.03310353681445122 107200
1774005839606 -0.03334353491663933 108000
1774005932552 -0.03364050015807152 108800
1774006022379 -0.03384864330291748 109600
1774006112246 -0.03414672985672951 110400
1774006200498 -0.03408682718873024 111200
1774006288812 -0.03445865586400032 112000
1774006377173 -0.03462563082575798 112800
1774006468061 -0.034639742225408554 113600
1774006558173 -0.0351339615881443 114400
1774006648041 -0.03535381332039833 115200
1774006736450 -0.03516614809632301 116000
1774006826429 -0.03533964976668358 116800
1774006916598 -0.0353274829685688 117600
1774007005183 -0.03581732138991356 118400
1774007093759 -0.03598913177847862 119200
1774007183262 -0.03627907857298851 120000
1774007274459 -0.03581251949071884 120800
1774007365105 -0.036164477467536926 121600
1774007460243 -0.03658342733979225 122400
1774007561246 -0.036646533757448196 123200
1774007659300 -0.03684628754854202 124000
1774007755589 -0.03648584708571434 124800
1774007853340 -0.036913830786943436 125600
1774007951269 -0.037094663828611374 126400
1774008047795 -0.03724084049463272 127200
1774008143781 -0.03749774023890495 128000
1774008242454 -0.037732724100351334 128800
1774008340644 -0.03749880939722061 129600
1774008437134 -0.03749978169798851 130400
1774008535329 -0.03728963062167168 131200
1774008638548 -0.037797946482896805 132000
1774008735090 -0.03801754489541054 132800
1774008834661 -0.038182761520147324 133600
1774008933145 -0.038140758872032166 134400
1774009030591 -0.03843288496136665 135200
1774009127567 -0.03876999765634537 136000
1774009225172 -0.03879769518971443 136800
1774009322286 -0.03909335657954216 137600
1774009420940 -0.03921336680650711 138400
1774009518273 -0.03936484828591347 139200
1774009615475 -0.03936045989394188 140000
1774009715390 -0.03978201001882553 140800
1774009815410 -0.03971760720014572 141600
1774009913294 -0.03977296128869057 142400
1774010010715 -0.04026299715042114 143200
1774010109989 -0.040675535798072815 144000
1774010212541 -0.04052898287773132 144800
1774010309901 -0.04030575975775719 145600
1774010407260 -0.040786199271678925 146400
1774010509369 -0.0408095046877861 147200
1774010611300 -0.04125901311635971 148000
1774010713311 -0.04112274572253227 148800
1774010818976 -0.04124922305345535 149600
1774010925866 -0.04189690947532654 150400
