1773993602796 -7.919256859167945e-06 800
1773993699234 2.8833095711888745e-05 1600
1773993793960 2.6864219762501307e-05 2400
1773993891158 1.050067203323124e-05 3200
1773993983586 1.2513301044236869e-05 4000
1773994077429 2.581415174063295e-05 4800
1773994174442 -1.0238155482511502e-05 5600
1773994268346 -9.363098797621205e-06 6400
1773994362285 -6.212897278601304e-05 7200
1773994454604 -3.7627407891704934e-06 8000
1773994542871 5.775369572802447e-06 8800
1773994630737 3.150201564494637e-06 9600
1773994717257 -3.438970088609494e-05 10400
1773994803949 -3.710237433551811e-05 11200
1773994891765 2.1788893718621694e-05 12000
1773994978456 3.053945329156704e-05 12800
1773995064361 -1.758862526912708e-05 13600
1773995154597 -7.262965027621249e-06 14400
1773995244759 3.11519943352323e-05 15200
1773995331409 -1.6188536392292008e-05 16000
1773995418136 2.4939095965237357e-05 16800
1773995503468 -1.0675683370209299e-05 17600
1773995590489 8.225526471505873e-06 18400
1773995676145 1.4263412595028058e-05 19200
1773995761554 1.6976086044451222e-05 20000
1773995847002 -1.8988715964951552e-05 20800
1773995934380 4.18276758864522e-05 21600
1773996021549 -2.2138916392577812e-05 22400
1773996111954 -3.4127183425880503e-06 23200
1773996197497 -2.607666829135269e-05 24000
1773996283296 2.100134406646248e-05 24800
1773996370904 -2.3276490537682548e-05 25600
1773996458083 -1.4525930055242497e-05 26400
1773996545665 -1.4875951819703914e-05 27200
1773996633155 -4.515289037954062e-05 28000
1773996721424 -8.050515134527814e-06 28800
1773996806996 2.4151546313078143e-05 29600
1773996894620 2.6776713639264926e-05 30400
1773996982993 -4.2352708987891674e-05 31200
1773997070479 1.6363546819775365e-05 32000
1773997156404 -2.6951724066748284e-05 32800
1773997243879 -1.5751007822473184e-06 33600
1773997331672 -1.0938199920929037e-05 34400
1773997420299 9.100582246901467e-06 35200
1773997507945 -2.3801523639122024e-05 36000
1773997595723 -4.454034933587536e-05 36800
1773997682156 3.2377072329836665e-06 37600
1773997773245 -2.3626512302143965e-06 38400
1773997863835 -4.244021693011746e-05 39200
1773997951626 3.815244053839706e-05 40000
1773998039429 -2.5464129066676833e-05 40800
1773998130822 1.723860259517096e-05 41600
1773998217083 1.1288222594885156e-05 42400
1773998305010 2.3889029762358405e-05 43200
1773998393731 3.4302196581847966e-05 44000
1773998480061 1.0850694707187358e-05 44800
1773998568133 -1.548849104437977e-05 45600
1773998657036 2.3013972167973407e-05 46400
1773998744816 -3.666484553832561e-05 47200
1773998840613 2.5376623398187803e-06 48000
1773998939313 3.3252126740990207e-05 48800
1773999040628 -3.7539903132710606e-05 49600
1773999134538 5.512852658284828e-05 50400
1773999228134 5.8016212278744206e-05 51200
1773999323419 3.50022419297602e-05 52000
1773999418757 8.75056048244005e-06 52800
1773999514153 -1.8901209841715172e-05 53600
1773999608072 1.8376176740275696e-05 54400
1773999703556 1.557599716761615e-05 55200
1773999799379 1.4700940482725855e-05 56000
1773999894862 -3.11519943352323e-05 56800
1773999991597 -1.5050963156681973e-05 57600
1774000087595 1.916372639243491e-05 58400
1774000181551 -4.2702733480837196e-05 59200
1774000275834 1.741361484164372e-05 60000
1774000371812 3.4564713132567704e-05 60800
1774000471056 5.1978327974211425e-05 61600
1774000567107 -2.0301298718550242e-05 62400
1774000661287 2.8876847864012234e-05 63200
1774000760398 1.1813255696324632e-05 64000
1774000856618 -1.1375727808626834e-05 64800
1774000953638 -1.6976086044451222e-05 65600
1774001047876 2.450156898703426e-06 66400
1774001147241 -3.710237433551811e-05 67200
1774001241937 8.400537808483932e-06 68000
1774001337927 1.6976086044451222e-05 68800
1774001434847 1.1463233931863215e-05 69600
1774001531222 9.363098797621205e-06 70400
1774001627366 -6.91294235366513e-06 71200
1774001721873 -9.975638022297062e-06 72000
1774001818044 -9.538110134599265e-06 72800
1774001914303 -2.122010846505873e-05 73600
1774002009156 -3.727738658199087e-05 74400
1774002108919 -2.441406286379788e-05 75200
1774002205437 -2.4589073291281238e-05 76000
1774002302988 -4.664048537961207e-05 76800
1774002397689 2.0038782167830504e-05 77600
1774002495276 3.421468863962218e-05 78400
1774002591705 -3.0626961233792827e-06 79200
1774002689280 -1.627604251552839e-05 80000
1774002789191 -8.050515134527814e-06 80800
1774002883956 1.1025706044165418e-05 81600
1774002978282 -8.75056048244005e-06 82400
1774003067190 -1.75011200553854e-06 83200
1774003154475 7.787998583808076e-06 84000
1774003243605 4.725302460428793e-06 84800
1774003335839 2.1526377167901956e-05 85600
1774003423414 -4.0777609683573246e-05 86400
1774003512436 -4.462785454961704e-06 87200
1774003599921 -3.1939543987391517e-05 88000
1774003690233 -3.535226278472692e-05 88800
1774003779697 1.8551187167759053e-05 89600
1774003872410 -1.6451052943011746e-05 90400
1774003961783 -1.2950828931934666e-05 91200
1774004051143 4.217770037939772e-05 92000
1774004140403 5.3378416851046495e-06 92800
1774004229903 -7.0879536906431895e-06 93600
1774004319498 -4.37528001384635e-07 94400
1774004408576 -2.450156898703426e-06 95200
1774004497862 1.8201164493802935e-05 96000
1774004588116 -1.3125840268912725e-05 96800
1774004678271 -2.2051412088330835e-05 97600
1774004768933 5.119077741255751e-06 98400
1774004858451 6.825436685176101e-06 99200
1774004948793 -3.6752351206814637e-06 100000
1774005038539 -1.548849104437977e-05 100800
1774005128351 -2.625168065151229e-07 101600
1774005216229 5.775369572802447e-06 102400
1774005306248 2.1876399841858074e-05 103200
1774005394318 8.70680742082186e-06 104000
1774005483879 -2.235768079117406e-05 104800
1774005573872 -1.4919704881322104e-05 105600
1774005662054 7.175459359132219e-06 106400
1774005751490 -3.325212901472696e-06 107200
1774005839606 1.9863771740347147e-05 108000
1774005932552 2.1176354493945837e-05 108800
1774006022379 -1.960125518962741e-05 109600
1774006112246 7.744245522189885e-06 110400
1774006200498 2.450156898703426e-06 111200
1774006288812 1.1375727808626834e-05 112000
1774006377173 -6.387908797478303e-06 112800
1774006468061 3.2377072784584016e-05 113600
1774006558173 -1.2075773156539071e-05 114400
1774006648041 -2.800179208861664e-05 115200
1774006736450 3.9290014683501795e-05 116000
1774006826429 5.3728439525002614e-05 116800
1774006916598 7.879879558458924e-05 117600
1774007005183 3.342713898746297e-05 118400
1774007093759 3.1939543987391517e-06 119200
1774007183262 1.3563368156610522e-05 120000
1774007274459 -2.09138379432261e-05 120800
1774007365105 -5.075324679637561e-06 121600
1774007460243 -9.931885870173573e-06 122400
1774007561246 -2.6995478037861176e-05 123200
1774007659300 2.6732961487141438e-05 124000
1774007755589 -2.1876399841858074e-05 124800
1774007853340 -1.2425794921000488e-05 125600
1774007951269 -1.583851371833589e-05 126400
1774008047795 1.540098492114339e-05 127200
1774008143781 -8.269279533124063e-06 128000
1774008242454 5.950380909780506e-06 128800
1774008340644 -2.419529846520163e-05 129600
1774008437134 -1.3650873370352201e-05 130400
1774008535329 2.8876847864012234e-06 131200
1774008638548 -3.3514643291709945e-05 132000
1774008735090 5.0928258133353665e-05 132800
1774008834661 -3.128325261059217e-05 133600
1774008933145 -1.758862526912708e-05 134400
1774009030591 -3.631482468335889e-05 135200
1774009127567 -2.09138379432261e-05 136000
1774009225172 -4.7865563828963786e-05 136800
1774009322286 -6.562920020769525e-07 137600
1774009420940 5.3378416851046495e-06 138400
1774009518273 9.013077033159789e-06 139200
1774009615475 3.123949863947928e-05 140000
1774009715390 -7.000447794780484e-07 140800
1774009815410 1.8813703945852467e-06 141600
1774009913294 1.4350918718264438e-05 142400
1774010010715 -7.875503797549754e-06 143200
1774010109989 3.2245814509224147e-05 144000
1774010212541 -3.469597140792757e-05 144800
1774010309901 -2.594541001599282e-05 145600
1774010407260 -2.7564265110413544e-06 146400
1774010509369 4.913439624942839e-05 147200
1774010611300 4.025257567263907e-06 148000
1774010713311 -5.057823727838695e-05 148800
1774010818976 -1.3082087207294535e-05 149600
1774010925866 2.6339184842072427e-05 150400
