1773993602796 -706.3697509765625 800
1773993699234 -714.1192626953125 1600
1773993793960 -719.3861694335938 2400
1773993891158 -725.3942260742188 3200
1773993983586 -728.8449096679688 4000
1773994077429 -736.562744140625 4800
1773994174442 -739.4036254882812 5600
1773994268346 -742.6242065429688 6400
1773994362285 -747.4449462890625 7200
1773994454604 -748.253173828125 8000
1773994542871 -748.1366577148438 8800
1773994630737 -752.0202026367188 9600
1773994717257 -752.6004028320312 10400
1773994803949 -754.7871704101562 11200
1773994891765 -755.8076171875 12000
1773994978456 -756.953857421875 12800
1773995064361 -756.3948364257812 13600
1773995154597 -756.8448486328125 14400
1773995244759 -756.9677734375 15200
1773995331409 -757.5213623046875 16000
1773995418136 -761.0364990234375 16800
1773995503468 -762.8642578125 17600
1773995590489 -762.47607421875 18400
1773995676145 -762.9546508789062 19200
1773995761554 -763.4564208984375 20000
1773995847002 -760.26708984375 20800
1773995934380 -762.1710815429688 21600
1773996021549 -760.7183227539062 22400
1773996111954 -760.8478393554688 23200
1773996197497 -761.3572998046875 24000
1773996283296 -758.3346557617188 24800
1773996370904 -760.0851440429688 25600
1773996458083 -760.3512573242188 26400
1773996545665 -759.1528930664062 27200
1773996633155 -757.6019897460938 28000
1773996721424 -759.4140014648438 28800
1773996806996 -761.328857421875 29600
1773996894620 -761.678955078125 30400
1773996982993 -761.0775756835938 31200
1773997070479 -763.1036376953125 32000
1773997156404 -765.119140625 32800
1773997243879 -763.5513305664062 33600
1773997331672 -760.5343017578125 34400
1773997420299 -763.08984375 35200
1773997507945 -760.1494140625 36000
1773997595723 -761.9254760742188 36800
1773997682156 -759.2785034179688 37600
1773997773245 -754.7344970703125 38400
1773997863835 -756.1661987304688 39200
1773997951626 -757.7723999023438 40000
1773998039429 -758.2371215820312 40800
1773998130822 -756.781982421875 41600
1773998217083 -758.0961303710938 42400
1773998305010 -757.1487426757812 43200
1773998393731 -758.2474365234375 44000
1773998480061 -753.8050537109375 44800
1773998568133 -755.1063232421875 45600
1773998657036 -756.8942260742188 46400
1773998744816 -754.279541015625 47200
1773998840613 -758.4724731445312 48000
1773998939313 -757.2529907226562 48800
1773999040628 -754.7388305664062 49600
1773999134538 -754.881103515625 50400
1773999228134 -754.2433471679688 51200
1773999323419 -755.8137817382812 52000
1773999418757 -756.0886840820312 52800
1773999514153 -751.0221557617188 53600
1773999608072 -754.5599365234375 54400
1773999703556 -752.7124633789062 55200
1773999799379 -756.0313110351562 56000
1773999894862 -753.6919555664062 56800
1773999991597 -753.2456665039062 57600
1774000087595 -753.0682373046875 58400
1774000181551 -756.2980346679688 59200
1774000275834 -751.431640625 60000
1774000371812 -751.1244506835938 60800
1774000471056 -752.4696655273438 61600
1774000567107 -750.7185668945312 62400
1774000661287 -748.9992065429688 63200
1774000760398 -751.7658081054688 64000
1774000856618 -751.7760009765625 64800
1774000953638 -748.9503784179688 65600
1774001047876 -749.5830078125 66400
1774001147241 -754.0873413085938 67200
1774001241937 -754.2151489257812 68000
1774001337927 -752.4097900390625 68800
1774001434847 -752.3759765625 69600
1774001531222 -751.9951171875 70400
1774001627366 -752.8893432617188 71200
1774001721873 -750.94091796875 72000
1774001818044 -749.5166015625 72800
1774001914303 -746.762451171875 73600
1774002009156 -748.4924926757812 74400
1774002108919 -750.2948608398438 75200
1774002205437 -748.48681640625 76000
1774002302988 -747.9645385742188 76800
1774002397689 -749.4218139648438 77600
1774002495276 -748.3065185546875 78400
1774002591705 -752.009033203125 79200
1774002689280 -749.7669067382812 80000
1774002789191 -749.6354370117188 80800
1774002883956 -752.4193725585938 81600
1774002978282 -750.0498046875 82400
1774003067190 -747.5222778320312 83200
1774003154475 -747.287109375 84000
1774003243605 -747.0750122070312 84800
1774003335839 -748.7364501953125 85600
1774003423414 -747.5538940429688 86400
1774003512436 -747.1958618164062 87200
1774003599921 -749.0648803710938 88000
1774003690233 -750.481201171875 88800
1774003779697 -747.2774658203125 89600
1774003872410 -750.0302734375 90400
1774003961783 -748.142822265625 91200
1774004051143 -749.0861206054688 92000
1774004140403 -748.6387329101562 92800
1774004229903 -749.8113403320312 93600
1774004319498 -747.0645751953125 94400
1774004408576 -747.8746337890625 95200
1774004497862 -748.723876953125 96000
1774004588116 -745.4893798828125 96800
1774004678271 -744.7471313476562 97600
1774004768933 -742.4554443359375 98400
1774004858451 -747.3350830078125 99200
1774004948793 -747.154541015625 100000
1774005038539 -743.2948608398438 100800
1774005128351 -747.95751953125 101600
1774005216229 -746.27001953125 102400
1774005306248 -743.6734619140625 103200
1774005394318 -743.1113891601562 104000
1774005483879 -742.6802368164062 104800
1774005573872 -744.0626220703125 105600
1774005662054 -746.260986328125 106400
1774005751490 -742.082763671875 107200
1774005839606 -741.175048828125 108000
1774005932552 -746.2737426757812 108800
1774006022379 -744.3684692382812 109600
1774006112246 -742.1747436523438 110400
1774006200498 -742.4464721679688 111200
1774006288812 -745.21435546875 112000
1774006377173 -741.7413940429688 112800
1774006468061 -741.7147827148438 113600
1774006558173 -742.4530029296875 114400
1774006648041 -745.6865234375 115200
1774006736450 -746.3773193359375 116000
1774006826429 -747.4320678710938 116800
1774006916598 -742.1206665039062 117600
1774007005183 -745.6461181640625 118400
1774007093759 -743.990966796875 119200
1774007183262 -744.28955078125 120000
1774007274459 -748.6365356445312 120800
1774007365105 -748.0868530273438 121600
1774007460243 -744.3689575195312 122400
1774007561246 -741.6288452148438 123200
1774007659300 -740.4544067382812 124000
1774007755589 -741.827392578125 124800
1774007853340 -743.6151733398438 125600
1774007951269 -744.5819702148438 126400
1774008047795 -743.397216796875 127200
1774008143781 -740.81201171875 128000
1774008242454 -741.7562866210938 128800
1774008340644 -740.811767578125 129600
1774008437134 -743.35693359375 130400
1774008535329 -743.1967163085938 131200
1774008638548 -741.638916015625 132000
1774008735090 -745.048828125 132800
1774008834661 -742.4140625 133600
1774008933145 -744.3034057617188 134400
1774009030591 -739.399658203125 135200
1774009127567 -740.6843872070312 136000
1774009225172 -739.8894653320312 136800
1774009322286 -741.2450561523438 137600
1774009420940 -738.6634521484375 138400
1774009518273 -737.5516967773438 139200
1774009615475 -742.0830078125 140000
1774009715390 -740.8949584960938 140800
1774009815410 -741.1929321289062 141600
1774009913294 -737.444091796875 142400
1774010010715 -739.2738647460938 143200
1774010109989 -738.6361694335938 144000
1774010212541 -735.069580078125 144800
1774010309901 -734.7303466796875 145600
1774010407260 -737.3121948242188 146400
1774010509369 -741.5723876953125 147200
1774010611300 -737.6805419921875 148000
1774010713311 -736.052001953125 148800
1774010818976 -738.0731201171875 149600
1774010925866 -736.209228515625 150400
