1773993602796 -1.018159031867981 800
1773993699234 -0.8887031078338623 1600
1773993793960 -0.8046447038650513 2400
1773993891158 -0.6752539277076721 3200
1773993983586 -0.6307065486907959 4000
1773994077429 -0.4904331564903259 4800
1773994174442 -0.46767669916152954 5600
1773994268346 -0.4292159676551819 6400
1773994362285 -0.34978657960891724 7200
1773994454604 -0.3906572163105011 8000
1773994542871 -0.44425976276397705 8800
1773994630737 -0.38003814220428467 9600
1773994717257 -0.4244155287742615 10400
1773994803949 -0.3962363600730896 11200
1773994891765 -0.40865111351013184 12000
1773994978456 -0.388837069272995 12800
1773995064361 -0.43520286679267883 13600
1773995154597 -0.4424075484275818 14400
1773995244759 -0.4435062110424042 15200
1773995331409 -0.43353721499443054 16000
1773995418136 -0.3493293225765228 16800
1773995503468 -0.3649417757987976 17600
1773995590489 -0.3841649889945984 18400
1773995676145 -0.3990945816040039 19200
1773995761554 -0.38963770866394043 20000
1773995847002 -0.4920663833618164 20800
1773995934380 -0.42089077830314636 21600
1773996021549 -0.4566185474395752 22400
1773996111954 -0.4639008045196533 23200
1773996197497 -0.4503065049648285 24000
1773996283296 -0.5279106497764587 24800
1773996370904 -0.454174667596817 25600
1773996458083 -0.4755294620990753 26400
1773996545665 -0.5168519616127014 27200
1773996633155 -0.5772285461425781 28000
1773996721424 -0.5483638048171997 28800
1773996806996 -0.49985823035240173 29600
1773996894620 -0.519322395324707 30400
1773996982993 -0.5201824903488159 31200
1773997070479 -0.47495922446250916 32000
1773997156404 -0.45956677198410034 32800
1773997243879 -0.49931883811950684 33600
1773997331672 -0.5850255489349365 34400
1773997420299 -0.47708162665367126 35200
1773997507945 -0.5735785365104675 36000
1773997595723 -0.49083274602890015 36800
1773997682156 -0.5862855315208435 37600
1773997773245 -0.7006464600563049 38400
1773997863835 -0.6739047169685364 39200
1773997951626 -0.6203786730766296 40000
1773998039429 -0.6181595325469971 40800
1773998130822 -0.6402350664138794 41600
1773998217083 -0.5804231762886047 42400
1773998305010 -0.6410817503929138 43200
1773998393731 -0.6028783917427063 44000
1773998480061 -0.7345815896987915 44800
1773998568133 -0.7054874897003174 45600
1773998657036 -0.6280968189239502 46400
1773998744816 -0.7218250632286072 47200
1773998840613 -0.6018996238708496 48000
1773998939313 -0.649890124797821 48800
1773999040628 -0.7297995090484619 49600
1773999134538 -0.7307294607162476 50400
1773999228134 -0.7509662508964539 51200
1773999323419 -0.7157471179962158 52000
1773999418757 -0.6967998147010803 52800
1773999514153 -0.8574988842010498 53600
1773999608072 -0.7552541494369507 54400
1773999703556 -0.7805623412132263 55200
1773999799379 -0.6959902048110962 56000
1773999894862 -0.7581502199172974 56800
1773999991597 -0.7758889198303223 57600
1774000087595 -0.7906356453895569 58400
1774000181551 -0.6676504015922546 59200
1774000275834 -0.8106790781021118 60000
1774000371812 -0.8268608450889587 60800
1774000471056 -0.8002989888191223 61600
1774000567107 -0.8271130919456482 62400
1774000661287 -0.8638569116592407 63200
1774000760398 -0.7828265428543091 64000
1774000856618 -0.8176560997962952 64800
1774000953638 -0.8998922109603882 65600
1774001047876 -0.8957797884941101 66400
1774001147241 -0.7722052931785583 67200
1774001241937 -0.7927854061126709 68000
1774001337927 -0.8302916288375854 68800
1774001434847 -0.840347409248352 69600
1774001531222 -0.8727920651435852 70400
1774001627366 -0.8486931920051575 71200
1774001721873 -0.9170462489128113 72000
1774001818044 -0.9113025069236755 72800
1774001914303 -0.9878854155540466 73600
1774002009156 -0.9193052649497986 74400
1774002108919 -0.8904495239257812 75200
1774002205437 -0.9563025236129761 76000
1774002302988 -0.9425493478775024 76800
1774002397689 -0.9152759909629822 77600
1774002495276 -0.9604501128196716 78400
1774002591705 -0.8491796851158142 79200
1774002689280 -0.9564382433891296 80000
1774002789191 -0.9448758363723755 80800
1774002883956 -0.8607081770896912 81600
1774002978282 -0.9391740560531616 82400
1774003067190 -1.000795841217041 83200
1774003154475 -0.9817861914634705 84000
1774003243605 -0.9809498190879822 84800
1774003335839 -0.915807843208313 85600
1774003423414 -0.9692373871803284 86400
1774003512436 -1.0123045444488525 87200
1774003599921 -0.9470020532608032 88000
1774003690233 -0.9386756420135498 88800
1774003779697 -1.018081545829773 89600
1774003872410 -0.9385107159614563 90400
1774003961783 -0.981460452079773 91200
1774004051143 -0.9520639777183533 92000
1774004140403 -0.933952808380127 92800
1774004229903 -0.8830827474594116 93600
1774004319498 -0.9941709041595459 94400
1774004408576 -0.9603762030601501 95200
1774004497862 -0.9150538444519043 96000
1774004588116 -1.0268515348434448 96800
1774004678271 -1.037057876586914 97600
1774004768933 -1.1163885593414307 98400
1774004858451 -0.9571529030799866 99200
1774004948793 -0.9808498024940491 100000
1774005038539 -1.1116840839385986 100800
1774005128351 -0.9672513604164124 101600
1774005216229 -1.0269924402236938 102400
1774005306248 -1.0885409116744995 103200
1774005394318 -1.081253170967102 104000
1774005483879 -1.083350658416748 104800
1774005573872 -1.0689440965652466 105600
1774005662054 -0.9883354902267456 106400
1774005751490 -1.1052560806274414 107200
1774005839606 -1.139636516571045 108000
1774005932552 -0.9758328199386597 108800
1774006022379 -1.0477186441421509 109600
1774006112246 -1.1310007572174072 110400
1774006200498 -1.1203118562698364 111200
1774006288812 -1.0497090816497803 112000
1774006377173 -1.1862947940826416 112800
1774006468061 -1.1855944395065308 113600
1774006558173 -1.1548765897750854 114400
1774006648041 -1.0572433471679688 115200
1774006736450 -1.0223416090011597 116000
1774006826429 -0.9939796924591064 116800
1774006916598 -1.1756035089492798 117600
1774007005183 -1.0800127983093262 118400
1774007093759 -1.108805775642395 119200
1774007183262 -1.106708288192749 120000
1774007274459 -0.9871199727058411 120800
1774007365105 -0.9951915740966797 121600
1774007460243 -1.1112327575683594 122400
1774007561246 -1.191627860069275 123200
1774007659300 -1.2131303548812866 124000
1774007755589 -1.1763217449188232 124800
1774007853340 -1.1222139596939087 125600
1774007951269 -1.0880255699157715 126400
1774008047795 -1.1026980876922607 127200
1774008143781 -1.1887959241867065 128000
1774008242454 -1.1734435558319092 128800
1774008340644 -1.1735317707061768 129600
1774008437134 -1.080640435218811 130400
1774008535329 -1.0872384309768677 131200
1774008638548 -1.154127836227417 132000
1774008735090 -1.0593955516815186 132800
1774008834661 -1.148760199546814 133600
1774008933145 -1.1019264459609985 134400
1774009030591 -1.2318809032440186 135200
1774009127567 -1.1910051107406616 136000
1774009225172 -1.233506202697754 136800
1774009322286 -1.193203091621399 137600
1774009420940 -1.265639305114746 138400
1774009518273 -1.3032877445220947 139200
1774009615475 -1.1775038242340088 140000
1774009715390 -1.1745685338974 140800
1774009815410 -1.1706769466400146 141600
1774009913294 -1.2903779745101929 142400
1774010010715 -1.2224339246749878 143200
1774010109989 -1.264245629310608 144000
1774010212541 -1.3645222187042236 144800
1774010309901 -1.367577075958252 145600
1774010407260 -1.2812525033950806 146400
1774010509369 -1.1745707988739014 147200
1774010611300 -1.281934142112732 148000
1774010713311 -1.338742971420288 148800
1774010818976 -1.2883342504501343 149600
1774010925866 -1.310062050819397 150400
