1773993602796 3.3827554690816504 800
1773993699234 3.0349804607840833 1600
1773993793960 2.8369445376640625 2400
1773993891158 2.615404944123557 3200
1773993983586 2.5989204157130454 4000
1773994077429 2.3992516910796984 4800
1773994174442 2.407270051659665 5600
1773994268346 2.3578993217893953 6400
1773994362285 2.2411667126741697 7200
1773994454604 2.287921358336879 8000
1773994542871 2.3777515918122325 8800
1773994630737 2.2962976505114314 9600
1773994717257 2.3419251884154955 10400
1773994803949 2.2895419580607936 11200
1773994891765 2.303024544439422 12000
1773994978456 2.269227242393695 12800
1773995064361 2.3235296099518234 13600
1773995154597 2.3163579650344466 14400
1773995244759 2.3179315025387446 15200
1773995331409 2.302983624141588 16000
1773995418136 2.194764132317634 16800
1773995503468 2.2002320320951445 17600
1773995590489 2.2331135596662413 18400
1773995676145 2.234514248153506 19200
1773995761554 2.2033378865677977 20000
1773995847002 2.3567418954242467 20800
1773995934380 2.249889709297283 21600
1773996021549 2.2922128939232937 22400
1773996111954 2.2818181908986572 23200
1773996197497 2.2530480005769613 24000
1773996283296 2.3420537913760406 24800
1773996370904 2.227930356695825 25600
1773996458083 2.2416915034520453 26400
1773996545665 2.285501472590176 27200
1773996633155 2.3463881671962312 28000
1773996721424 2.2905481761895925 28800
1773996806996 2.2214800616745545 29600
1773996894620 2.23970579620593 30400
1773996982993 2.234809900433645 31200
1773997070479 2.162115606895385 32000
1773997156404 2.1297682435243486 32800
1773997243879 2.165750638478303 33600
1773997331672 2.2805126721145346 34400
1773997420299 2.1265770112569813 35200
1773997507945 2.2427707217221045 36000
1773997595723 2.1328075164183575 36800
1773997682156 2.2409689833580138 37600
1773997773245 2.3913827877286495 38400
1773997863835 2.338953402206885 39200
1773997951626 2.257131808671314 40000
1773998039429 2.2458796500828586 40800
1773998130822 2.2784346159609807 41600
1773998217083 2.1949681591545045 42400
1773998305010 2.251466429835153 43200
1773998393731 2.1912092505126566 44000
1773998480061 2.3772860971679424 44800
1773998568133 2.3222216758326693 45600
1773998657036 2.211004792329949 46400
1773998744816 2.336567208020993 47200
1773998840613 2.15125676905612 48000
1773998939313 2.212792677396297 48800
1773999040628 2.3067506034931604 49600
1773999134538 2.303628795939779 50400
1773999228134 2.307049226611368 51200
1773999323419 2.2488353148772067 52000
1773999418757 2.220736642649167 52800
1773999514153 2.43127001874386 53600
1773999608072 2.276167411802268 54400
1773999703556 2.3081538281710148 55200
1773999799379 2.187414626678793 56000
1773999894862 2.2636890454812044 56800
1773999991597 2.302318945561627 57600
1774000087595 2.3070275297872644 58400
1774000181551 2.1389099067625668 59200
1774000275834 2.3227523482644035 60000
1774000371812 2.3352790243603243 60800
1774000471056 2.2902417549256655 61600
1774000567107 2.325246772913319 62400
1774000661287 2.3686818747917338 63200
1774000760398 2.245334275916886 64000
1774000856618 2.285606516425821 64800
1774000953638 2.3958291341968954 65600
1774001047876 2.388740470961258 66400
1774001147241 2.217479331011285 67200
1774001241937 2.2260647899799606 68000
1774001337927 2.2655367858470394 68800
1774001434847 2.274635185034907 69600
1774001531222 2.295772795433056 70400
1774001627366 2.2448083298382673 71200
1774001721873 2.322896421341466 72000
1774001818044 2.322135368571481 72800
1774001914303 2.4265200271496963 73600
1774002009156 2.328207092045708 74400
1774002108919 2.279498048231434 75200
1774002205437 2.3475977147701763 76000
1774002302988 2.3388953305331377 76800
1774002397689 2.2945011005131124 77600
1774002495276 2.337237015563062 78400
1774002591705 2.175297182966152 79200
1774002689280 2.3027580081880092 80000
1774002789191 2.2878647905999787 80800
1774002883956 2.1680755890057792 81600
1774002978282 2.2717903871505474 82400
1774003067190 2.3566368969462013 83200
1774003154475 2.33167180130205 84000
1774003243605 2.3323877700340025 84800
1774003335839 2.2424384274910834 85600
1774003423414 2.303450375952738 86400
1774003512436 2.352557720662348 87200
1774003599921 2.251146943669961 88000
1774003690233 2.225299332295255 88800
1774003779697 2.3216248853829575 89600
1774003872410 2.2037225995541796 90400
1774003961783 2.258173071962746 91200
1774004051143 2.2053792224192894 92000
1774004140403 2.1800798500863476 92800
1774004229903 2.124855638915737 93600
1774004319498 2.2504615469866684 94400
1774004408576 2.1976621508349408 95200
1774004497862 2.129741686872902 96000
1774004588116 2.259298386350542 96800
1774004678271 2.272951084623883 97600
1774004768933 2.363051638870298 98400
1774004858451 2.1459999347117913 99200
1774004948793 2.169318858008084 100000
1774005038539 2.364793464944956 100800
1774005128351 2.165251562491114 101600
1774005216229 2.2357239933824453 102400
1774005306248 2.3287476256051227 103200
1774005394318 2.3189872576069024 104000
1774005483879 2.3183980103573307 104800
1774005573872 2.273581658198153 105600
1774005662054 2.1556732816529056 106400
1774005751490 2.3189585678925435 107200
1774005839606 2.362177184227904 108000
1774005932552 2.1428189526034833 108800
1774006022379 2.225532925381313 109600
1774006112246 2.3322154331480376 110400
1774006200498 2.315994263847794 111200
1774006288812 2.2031763896614356 112000
1774006377173 2.3683394615748017 112800
1774006468061 2.364351994191687 113600
1774006558173 2.321069818270167 114400
1774006648041 2.1917763533069334 115200
1774006736450 2.157519594796884 116000
1774006826429 2.1114353238682106 116800
1774006916598 2.3461613463489055 117600
1774007005183 2.203167890480054 118400
1774007093759 2.256797196390536 119200
1774007183262 2.2401686667238696 120000
1774007274459 2.0714470791217 120800
1774007365105 2.0770334146810203 121600
1774007460243 2.211096813159106 122400
1774007561246 2.3152674973183567 123200
1774007659300 2.339846093080334 124000
1774007755589 2.286428192214893 124800
1774007853340 2.1968092779043937 125600
1774007951269 2.1430486171485446 126400
1774008047795 2.1643058738596714 127200
1774008143781 2.2708532014391394 128000
1774008242454 2.237912813520062 128800
1774008340644 2.236034328849075 129600
1774008437134 2.109219734394757 130400
1774008535329 2.1077907959229853 131200
1774008638548 2.186821255872166 132000
1774008735090 2.0601211350578112 132800
1774008834661 2.17454398343705 133600
1774008933145 2.107586854613858 134400
1774009030591 2.287231136746561 135200
1774009127567 2.2152993981345226 136000
1774009225172 2.2730308059981432 136800
1774009322286 2.2026479715485037 137600
1774009420940 2.285782897452253 138400
1774009518273 2.3409932766408503 139200
1774009615475 2.1559382641787397 140000
1774009715390 2.1670950534957836 140800
1774009815410 2.1497268307211512 141600
1774009913294 2.30495496353356 142400
1774010010715 2.213762719612792 143200
1774010109989 2.254936968439184 144000
1774010212541 2.387253019413595 144800
1774010309901 2.3665301995624213 145600
1774010407260 2.2398409862324478 146400
1774010509369 2.0824397044033884 147200
1774010611300 2.2260261521093265 148000
1774010713311 2.2903875639065743 148800
1774010818976 2.2145048302095667 149600
1774010925866 2.246469194838566 150400
