1773993602796 0.9255884885787964 800
1773993699234 0.9272664189338684 1600
1773993793960 0.9281577467918396 2400
1773993891158 0.928624153137207 3200
1773993983586 0.9287022352218628 4000
1773994077429 0.9280181527137756 4800
1773994174442 0.9276314377784729 5600
1773994268346 0.9270302057266235 6400
1773994362285 0.9258546233177185 7200
1773994454604 0.925825297832489 8000
1773994542871 0.9259241819381714 8800
1773994630737 0.9246576428413391 9600
1773994717257 0.9245981574058533 10400
1773994803949 0.9239234924316406 11200
1773994891765 0.9234780669212341 12000
1773994978456 0.9230136871337891 12800
1773995064361 0.9233213663101196 13600
1773995154597 0.9232261776924133 14400
1773995244759 0.9232692718505859 15200
1773995331409 0.9229587316513062 16000
1773995418136 0.9213929772377014 16800
1773995503468 0.9209368824958801 17600
1773995590489 0.9208042621612549 18400
1773995676145 0.9208477735519409 19200
1773995761554 0.9208602905273438 20000
1773995847002 0.9218989014625549 20800
1773995934380 0.921310544013977 21600
1773996021549 0.9217507839202881 22400
1773996111954 0.9216965436935425 23200
1773996197497 0.9212049245834351 24000
1773996283296 0.9220722317695618 24800
1773996370904 0.9213857054710388 25600
1773996458083 0.921451210975647 26400
1773996545665 0.9219421148300171 27200
1773996633155 0.9226539134979248 28000
1773996721424 0.9218834638595581 28800
1773996806996 0.9209814667701721 29600
1773996894620 0.920826256275177 30400
1773996982993 0.9210495948791504 31200
1773997070479 0.9201830625534058 32000
1773997156404 0.9193387031555176 32800
1773997243879 0.9199435710906982 33600
1773997331672 0.9209177494049072 34400
1773997420299 0.9201755523681641 35200
1773997507945 0.9213654398918152 36000
1773997595723 0.9206204414367676 36800
1773997682156 0.9214733839035034 37600
1773997773245 0.9230062961578369 38400
1773997863835 0.9226019978523254 39200
1773997951626 0.92210853099823 40000
1773998039429 0.9216429591178894 40800
1773998130822 0.9219632148742676 41600
1773998217083 0.9216717481613159 42400
1773998305010 0.9219259023666382 43200
1773998393731 0.9215325713157654 44000
1773998480061 0.9225709438323975 44800
1773998568133 0.9223499894142151 45600
1773998657036 0.9220391511917114 46400
1773998744816 0.9226652979850769 47200
1773998840613 0.9214361906051636 48000
1773998939313 0.9214236736297607 48800
1773999040628 0.9224274158477783 49600
1773999134538 0.9221403002738953 50400
1773999228134 0.9224628210067749 51200
1773999323419 0.9220759272575378 52000
1773999418757 0.9219176769256592 52800
1773999514153 0.9234591126441956 53600
1773999608072 0.9224544763565063 54400
1773999703556 0.923079252243042 55200
1773999799379 0.9220113158226013 56000
1773999894862 0.9224872589111328 56800
1773999991597 0.9224268794059753 57600
1774000087595 0.9224341511726379 58400
1774000181551 0.9214733839035034 59200
1774000275834 0.9229408502578735 60000
1774000371812 0.9228452444076538 60800
1774000471056 0.9228042960166931 61600
1774000567107 0.9234459400177002 62400
1774000661287 0.9237831234931946 63200
1774000760398 0.9229118227958679 64000
1774000856618 0.9227777719497681 64800
1774000953638 0.9233237504959106 65600
1774001047876 0.9232401847839355 66400
1774001147241 0.9217989444732666 67200
1774001241937 0.9214807152748108 68000
1774001337927 0.9218080639839172 68800
1774001434847 0.9218630194664001 69600
1774001531222 0.9223437309265137 70400
1774001627366 0.9221876263618469 71200
1774001721873 0.9227674007415771 72000
1774001818044 0.9233751893043518 72800
1774001914303 0.9240121841430664 73600
1774002009156 0.9239972233772278 74400
1774002108919 0.9234073162078857 75200
1774002205437 0.9237281084060669 76000
1774002302988 0.9240175485610962 76800
1774002397689 0.9236133694648743 77600
1774002495276 0.923812747001648 78400
1774002591705 0.9228165149688721 79200
1774002689280 0.923119843006134 80000
1774002789191 0.9232037663459778 80800
1774002883956 0.9224528074264526 81600
1774002978282 0.9228495955467224 82400
1774003067190 0.9232973456382751 83200
1774003154475 0.9236873388290405 84000
1774003243605 0.9236892461776733 84800
1774003335839 0.9231300950050354 85600
1774003423414 0.9234519004821777 86400
1774003512436 0.9231454133987427 87200
1774003599921 0.9230044484138489 88000
1774003690233 0.922044038772583 88800
1774003779697 0.9227705001831055 89600
1774003872410 0.9219610691070557 90400
1774003961783 0.9223966002464294 91200
1774004051143 0.9220833778381348 92000
1774004140403 0.9223200082778931 92800
1774004229903 0.9217486381530762 93600
1774004319498 0.9223722219467163 94400
1774004408576 0.9220595359802246 95200
1774004497862 0.9220271110534668 96000
1774004588116 0.9228239059448242 96800
1774004678271 0.9230161309242249 97600
1774004768933 0.9232414364814758 98400
1774004858451 0.9223853349685669 99200
1774004948793 0.922152042388916 100000
1774005038539 0.9230191707611084 100800
1774005128351 0.9224493503570557 101600
1774005216229 0.9226025342941284 102400
1774005306248 0.9232770800590515 103200
1774005394318 0.9234873056411743 104000
1774005483879 0.9236176609992981 104800
1774005573872 0.9231210350990295 105600
1774005662054 0.9226640462875366 106400
1774005751490 0.9235894083976746 107200
1774005839606 0.9236900806427002 108000
1774005932552 0.9225980043411255 108800
1774006022379 0.9229748249053955 109600
1774006112246 0.9235954284667969 110400
1774006200498 0.9232107996940613 111200
1774006288812 0.9225300550460815 112000
1774006377173 0.9231451153755188 112800
1774006468061 0.9231098890304565 113600
1774006558173 0.923290491104126 114400
1774006648041 0.9226698279380798 115200
1774006736450 0.9221385717391968 116000
1774006826429 0.9219539165496826 116800
1774006916598 0.9229037165641785 117600
1774007005183 0.922382652759552 118400
1774007093759 0.9231812357902527 119200
1774007183262 0.9229697585105896 120000
1774007274459 0.9211364984512329 120800
1774007365105 0.9214670062065125 121600
1774007460243 0.9226515889167786 122400
1774007561246 0.9234676361083984 123200
1774007659300 0.9235612154006958 124000
1774007755589 0.923080325126648 124800
1774007853340 0.9228266477584839 125600
1774007951269 0.9223772883415222 126400
1774008047795 0.9225263595581055 127200
1774008143781 0.9232150912284851 128000
1774008242454 0.9230333566665649 128800
1774008340644 0.9230173826217651 129600
1774008437134 0.9223667979240417 130400
1774008535329 0.9223737120628357 131200
1774008638548 0.9225403070449829 132000
1774008735090 0.9217699766159058 132800
1774008834661 0.9222439527511597 133600
1774008933145 0.9213806390762329 134400
1774009030591 0.9227057099342346 135200
1774009127567 0.9225238561630249 136000
1774009225172 0.922508716583252 136800
1774009322286 0.9223227500915527 137600
1774009420940 0.9228106737136841 138400
1774009518273 0.9230035543441772 139200
1774009615475 0.9222314357757568 140000
1774009715390 0.922756016254425 140800
1774009815410 0.9224503636360168 141600
1774009913294 0.9228707551956177 142400
1774010010715 0.9226284027099609 143200
1774010109989 0.9225759506225586 144000
1774010212541 0.9229196310043335 144800
1774010309901 0.9230127334594727 145600
1774010407260 0.9230859279632568 146400
1774010509369 0.9220203757286072 147200
1774010611300 0.9228333830833435 148000
1774010713311 0.9227546453475952 148800
1774010818976 0.9222516417503357 149600
1774010925866 0.9230009317398071 150400
