1773993602796 0.678734540939331 800
1773993699234 0.7061672210693359 1600
1773993793960 0.7259907722473145 2400
1773993891158 0.7487815618515015 3200
1773993983586 0.7613273859024048 4000
1773994077429 0.7792330980300903 4800
1773994174442 0.78575199842453 5600
1773994268346 0.7920475006103516 6400
1773994362285 0.7989339828491211 7200
1773994454604 0.7995662093162537 8000
1773994542871 0.7991923093795776 8800
1773994630737 0.8034810423851013 9600
1773994717257 0.8028674125671387 10400
1773994803949 0.8044940829277039 11200
1773994891765 0.8045666217803955 12000
1773994978456 0.8048527240753174 12800
1773995064361 0.8042218685150146 13600
1773995154597 0.8046669960021973 14400
1773995244759 0.8049914836883545 15200
1773995331409 0.8057621121406555 16000
1773995418136 0.8068633675575256 16800
1773995503468 0.8052459359169006 17600
1773995590489 0.8050932884216309 18400
1773995676145 0.8048646450042725 19200
1773995761554 0.8053174614906311 20000
1773995847002 0.8037846684455872 20800
1773995934380 0.8053284883499146 21600
1773996021549 0.8050214052200317 22400
1773996111954 0.8051496744155884 23200
1773996197497 0.8053566813468933 24000
1773996283296 0.8050081729888916 24800
1773996370904 0.8069645166397095 25600
1773996458083 0.8064343333244324 26400
1773996545665 0.8058674931526184 27200
1773996633155 0.80503910779953 28000
1773996721424 0.8054878115653992 28800
1773996806996 0.8058871626853943 29600
1773996894620 0.8051238656044006 30400
1773996982993 0.8057686686515808 31200
1773997070479 0.8061071634292603 32000
1773997156404 0.8047538995742798 32800
1773997243879 0.8059351444244385 33600
1773997331672 0.8054873943328857 34400
1773997420299 0.807939887046814 35200
1773997507945 0.8072059154510498 36000
1773997595723 0.8086188435554504 36800
1773997682156 0.8072165250778198 37600
1773997773245 0.8055330514907837 38400
1773997863835 0.8062413334846497 39200
1773997951626 0.8079462647438049 40000
1773998039429 0.8075398802757263 40800
1773998130822 0.8075394630432129 41600
1773998217083 0.8095248341560364 42400
1773998305010 0.80848228931427 43200
1773998393731 0.8092206716537476 44000
1773998480061 0.8062500953674316 44800
1773998568133 0.8071794509887695 45600
1773998657036 0.8092817068099976 46400
1773998744816 0.8069272041320801 47200
1773998840613 0.8098218441009521 48000
1773998939313 0.8086462020874023 48800
1773999040628 0.8076847791671753 49600
1773999134538 0.8074688911437988 50400
1773999228134 0.8074020147323608 51200
1773999323419 0.8083602786064148 52000
1773999418757 0.8092447519302368 52800
1773999514153 0.8047986626625061 53600
1773999608072 0.8082953095436096 54400
1773999703556 0.8084067702293396 55200
1773999799379 0.8104221820831299 56000
1773999894862 0.8092182278633118 56800
1773999991597 0.8082323670387268 57600
1774000087595 0.8080897927284241 58400
1774000181551 0.8112207055091858 59200
1774000275834 0.8082194924354553 60000
1774000371812 0.8077419996261597 60800
1774000471056 0.8085482120513916 61600
1774000567107 0.8080818057060242 62400
1774000661287 0.8074445724487305 63200
1774000760398 0.810295820236206 64000
1774000856618 0.8091177940368652 64800
1774000953638 0.8061935901641846 65600
1774001047876 0.8062824606895447 66400
1774001147241 0.8097264170646667 67200
1774001241937 0.8092612624168396 68000
1774001337927 0.8089959621429443 68800
1774001434847 0.8088549375534058 69600
1774001531222 0.8082971572875977 70400
1774001627366 0.8095713257789612 71200
1774001721873 0.8077875375747681 72000
1774001818044 0.8085317611694336 72800
1774001914303 0.8055299520492554 73600
1774002009156 0.8086401224136353 74400
1774002108919 0.8097732067108154 75200
1774002205437 0.8074390292167664 76000
1774002302988 0.8082286715507507 76800
1774002397689 0.8096948266029358 77600
1774002495276 0.8081848621368408 78400
1774002591705 0.812721312046051 79200
1774002689280 0.8087520599365234 80000
1774002789191 0.8095899224281311 80800
1774002883956 0.8125695586204529 81600
1774002978282 0.8103269934654236 82400
1774003067190 0.8083028793334961 83200
1774003154475 0.8092139959335327 84000
1774003243605 0.809276819229126 84800
1774003335839 0.8123309016227722 85600
1774003423414 0.8104870319366455 86400
1774003512436 0.8085882067680359 87200
1774003599921 0.8113773465156555 88000
1774003690233 0.8112443685531616 88800
1774003779697 0.8089724779129028 89600
1774003872410 0.8116840124130249 90400
1774003961783 0.8105883598327637 91200
1774004051143 0.8117760419845581 92000
1774004140403 0.8129639029502869 92800
1774004229903 0.8142427802085876 93600
1774004319498 0.8110887408256531 94400
1774004408576 0.8126307129859924 95200
1774004497862 0.8141494393348694 96000
1774004588116 0.810657799243927 96800
1774004678271 0.8100962042808533 97600
1774004768933 0.8069012761116028 98400
1774004858451 0.8135850429534912 99200
1774004948793 0.8132618069648743 100000
1774005038539 0.8076714277267456 100800
1774005128351 0.8132886290550232 101600
1774005216229 0.8110010623931885 102400
1774005306248 0.8080889582633972 103200
1774005394318 0.808467447757721 104000
1774005483879 0.8086725473403931 104800
1774005573872 0.8094981908798218 105600
1774005662054 0.8132123351097107 106400
1774005751490 0.8083598613739014 107200
1774005839606 0.8066964149475098 108000
1774005932552 0.8138890266418457 108800
1774006022379 0.8113573789596558 109600
1774006112246 0.8070160746574402 110400
1774006200498 0.8079380393028259 111200
1774006288812 0.8110463619232178 112000
1774006377173 0.8048766255378723 112800
1774006468061 0.8053816556930542 113600
1774006558173 0.8069626688957214 114400
1774006648041 0.811699628829956 115200
1774006736450 0.8133245706558228 116000
1774006826429 0.8145150542259216 116800
1774006916598 0.8074049353599548 117600
1774007005183 0.8121145367622375 118400
1774007093759 0.810620129108429 119200
1774007183262 0.8108129501342773 120000
1774007274459 0.8151020407676697 120800
1774007365105 0.8154027462005615 121600
1774007460243 0.8115659952163696 122400
1774007561246 0.8075577020645142 123200
1774007659300 0.8064777255058289 124000
1774007755589 0.8093541860580444 124800
1774007853340 0.8123639822006226 125600
1774007951269 0.8142861723899841 126400
1774008047795 0.8135994672775269 127200
1774008143781 0.8095100522041321 128000
1774008242454 0.8103955984115601 128800
1774008340644 0.8108535408973694 129600
1774008437134 0.8154724836349487 130400
1774008535329 0.8156653046607971 131200
1774008638548 0.8129060864448547 132000
1774008735090 0.8162987232208252 132800
1774008834661 0.8130234479904175 133600
1774008933145 0.8149318099021912 134400
1774009030591 0.8095433115959167 135200
1774009127567 0.8117809295654297 136000
1774009225172 0.8098501563072205 136800
1774009322286 0.8119329214096069 137600
1774009420940 0.8085985779762268 138400
1774009518273 0.8065528273582458 139200
1774009615475 0.8132241368293762 140000
1774009715390 0.8135074377059937 140800
1774009815410 0.8141288757324219 141600
1774009913294 0.8082606792449951 142400
1774010010715 0.8116670250892639 143200
1774010109989 0.8095291256904602 144000
1774010212541 0.8039770126342773 144800
1774010309901 0.8041159510612488 145600
1774010407260 0.8094130754470825 146400
1774010509369 0.8150498270988464 147200
1774010611300 0.8095929622650146 148000
1774010713311 0.8069337606430054 148800
1774010818976 0.8104071021080017 149600
1774010925866 0.8087764382362366 150400
