1773993602796 0.0001792114635463804 800
1773993699234 -0.00031362008303403854 1600
1773993793960 0.00022401433670893312 2400
1773993891158 0.0005376344197429717 3200
1773993983586 -0.0011424730764701962 4000
1773994077429 0.00026881720987148583 4800
1773994174442 -0.0004928315174765885 5600
1773994268346 -0.0008736558957025409 6400
1773994362285 -0.0006496415589936078 7200
1773994454604 0.0003248207794968039 8000
1773994542871 0.0005824372638016939 8800
1773994630737 0.0005824372638016939 9600
1773994717257 -0.0005040322430431843 10400
1773994803949 -0.00020721326291095465 11200
1773994891765 0.0008736558957025409 12000
1773994978456 -0.0003920251037925482 12800
1773995064361 -0.00034162186784669757 13600
1773995154597 8.96057317731902e-05 14400
1773995244759 -0.0004088261630386114 15200
1773995331409 -0.0007952508749440312 16000
1773995418136 0.0005320340278558433 16800
1773995503468 0.0010304659372195601 17600
1773995590489 -0.00028841846506111324 18400
1773995676145 -0.0003248207794968039 19200
1773995761554 -0.0008638552972115576 20000
1773995847002 -0.000389224907848984 20800
1773995934380 7.280465797521174e-05 21600
1773996021549 -0.0007168458541855216 22400
1773996111954 0.00014280913455877453 23200
1773996197497 -5.600358417723328e-05 24000
1773996283296 -0.0011564739979803562 24800
1773996370904 2.800179208861664e-05 25600
1773996458083 -0.00023941532708704472 26400
1773996545665 -5.6003582358243875e-06 27200
1773996633155 -0.0004928315174765885 28000
1773996721424 -0.00010640681284712628 28800
1773996806996 0.00028561826911754906 29600
1773996894620 -0.0005040322430431843 30400
1773996982993 -0.0010052643483504653 31200
1773997070479 0.0008400537772104144 32000
1773997156404 0.000778449815697968 32800
1773997243879 0.00024361559189856052 33600
1773997331672 0.0002044130815193057 34400
1773997420299 0.0006608422845602036 35200
1773997507945 0.000319220416713506 36000
1773997595723 8.96057317731902e-05 36800
1773997682156 -0.0004928315174765885 37600
1773997773245 -0.00024641575873829424 38400
1773997863835 0.00028281810227781534 39200
1773997951626 0.0004004256334155798 40000
1773998039429 -0.0008148521301336586 40800
1773998130822 5.880376193090342e-05 41600
1773998217083 -0.000319220416713506 42400
1773998305010 -0.0004648297617677599 43200
1773998393731 -0.0005572356749325991 44000
1773998480061 0.0005768369301222265 44800
1773998568133 -8.120519487420097e-05 45600
1773998657036 -5.6003582358243875e-06 46400
1773998744816 -0.00035282259341329336 47200
1773998840613 0.00012880824215244502 48000
1773998939313 0.0005600358708761632 48800
1773999040628 -0.00022121415531728417 49600
1773999134538 8.96057317731902e-05 50400
1773999228134 -0.00024641575873829424 51200
1773999323419 0.0003640232898760587 52000
1773999418757 -0.0008568548364564776 52800
1773999514153 0.000159610208356753 53600
1773999608072 -9.800627594813704e-05 54400
1773999703556 -0.0015961021417751908 55200
1773999799379 0.0004144265258219093 56000
1773999894862 -0.0003920251037925482 56800
1773999991597 -0.0011984766460955143 57600
1774000087595 0.0004256272513885051 58400
1774000181551 -0.0001960125518962741 59200
1774000275834 -0.0005656362045556307 60000
1774000371812 0.00048723118379712105 60800
1774000471056 0.0006356406956911087 61600
1774000567107 -0.00027161737671121955 62400
1774000661287 -0.00011760752386180684 63200
1774000760398 -0.0008820564253255725 64000
1774000856618 -0.00047043009544722736 64800
1774000953638 -0.00048443101695738733 65600
1774001047876 -0.0005572356749325991 66400
1774001147241 -0.0011984766460955143 67200
1774001241937 -0.0006496415589936078 68000
1774001337927 -5.880376193090342e-05 68800
1774001434847 2.240143294329755e-05 69600
1774001531222 0.0003920251037925482 70400
1774001627366 0.0002800179354380816 71200
1774001721873 0.0006160394405014813 72000
1774001818044 -5.6003582358243875e-06 72800
1774001914303 0.00024081541050691158 73600
1774002009156 0.00044802867341786623 74400
1774002108919 -0.00011200716835446656 75200
1774002205437 -0.00028561826911754906 76000
1774002302988 0.00025761648430489004 76800
1774002397689 -0.00011760752386180684 77600
1774002495276 -0.00026601701392792165 78400
1774002591705 0.0018313172040507197 79200
1774002689280 0.00013160842354409397 80000
1774002789191 0.0004228270554449409 80800
1774002883956 -0.0005768369301222265 81600
1774002978282 0.0006524417549371719 82400
1774003067190 -0.00010080645006382838 83200
1774003154475 0.00047603045823052526 84000
1774003243605 0.00047043009544722736 84800
1774003335839 -0.00072244624607265 85600
1774003423414 -0.0010248655453324318 86400
1774003512436 0.0005516352830454707 87200
1774003599921 -0.00013160842354409397 88000
1774003690233 -0.00025201612152159214 88800
1774003779697 0.0008680555620230734 89600
1774003872410 0.00024361559189856052 90400
1774003961783 -0.00047603045823052526 91200
1774004051143 0.000319220416713506 92000
1774004140403 -0.0004032258002553135 92800
1774004229903 0.0005068324389867485 93600
1774004319498 -0.0006860439316369593 94400
1774004408576 -0.0002492159546818584 95200
1774004497862 0.0004984319093637168 96000
1774004588116 -0.00025761648430489004 96800
1774004678271 -0.00024081541050691158 97600
1774004768933 -0.00013440860493574291 98400
1774004858451 0.001083669369108975 99200
1774004948793 -8.400537626584992e-05 100000
1774005038539 -0.00041162632987834513 100800
1774005128351 -0.00023521504772361368 101600
1774005216229 -0.0012348790187388659 102400
1774005306248 0.0007336469716392457 103200
1774005394318 0.0005376344197429717 104000
1774005483879 0.0008008512668311596 104800
1774005573872 0.0006020385189913213 105600
1774005662054 -0.0001400089677190408 106400
1774005751490 0.0004256272513885051 107200
1774005839606 -0.0007448476972058415 108000
1774005932552 -0.0004256272513885051 108800
1774006022379 0.0007560483645647764 109600
1774006112246 -5.600358417723328e-05 110400
1774006200498 -0.00020721326291095465 111200
1774006288812 0.00024081541050691158 112000
1774006377173 -0.00023521504772361368 112800
1774006468061 -0.00012320787936914712 113600
1774006558173 -0.0003640232898760587 114400
1774006648041 -0.0003808243782259524 115200
1774006736450 0.00047883065417408943 116000
1774006826429 0.0007168458541855216 116800
1774006916598 -3.920251037925482e-05 117600
1774007005183 -0.0007952508749440312 118400
1774007093759 0.0 119200
1774007183262 -0.0015681004151701927 120000
1774007274459 -0.00029121863190084696 120800
1774007365105 9.800627594813704e-05 121600
1774007460243 0.0005544354789890349 122400
1774007561246 0.000459229398984462 123200
1774007659300 -0.00024081541050691158 124000
1774007755589 0.0010388664668425918 124800
1774007853340 -6.440412107622251e-05 125600
1774007951269 -0.0007560483645647764 126400
1774008047795 0.00030801972025074065 127200
1774008143781 0.0005628360086120665 128000
1774008242454 -0.00034722223062999547 128800
1774008340644 -0.0014784946106374264 129600
1774008437134 6.160393968457356e-05 130400
1774008535329 -5.320340642356314e-05 131200
1774008638548 0.0006328404997475445 132000
1774008735090 -0.00105846778023988 132800
1774008834661 0.0004060259961988777 133600
1774008933145 -0.0006272401660680771 134400
1774009030591 3.360215123393573e-05 135200
1774009127567 -0.0007868503453209996 136000
1774009225172 -0.00047603045823052526 136800
1774009322286 -0.0003948252706322819 137600
1774009420940 -0.0006272401660680771 138400
1774009518273 -0.0006216397741809487 139200
1774009615475 -0.0002800179354380816 140000
1774009715390 0.00070844532456249 140800
1774009815410 0.0005096326349303126 141600
1774009913294 -0.0004088261630386114 142400
1774010010715 0.000638440833427012 143200
1774010109989 0.0003808243782259524 144000
1774010212541 -0.0001792114635463804 144800
1774010309901 -6.720430246787146e-05 145600
1774010407260 -0.001002464210614562 146400
1774010509369 -0.0009128584060817957 147200
1774010611300 -1.6801075616967864e-05 148000
1774010713311 0.000985663034953177 148800
1774010818976 -0.0008344533853232861 149600
1774010925866 0.00023521504772361368 150400
