1773993602796 0.9970474243164062 800
1773993699234 0.997859001159668 1600
1773993793960 0.9987471699714661 2400
1773993891158 0.9991633892059326 3200
1773993983586 0.999727725982666 4000
1773994077429 0.9994017481803894 4800
1773994174442 0.9991396069526672 5600
1773994268346 0.9985318779945374 6400
1773994362285 0.9976574778556824 7200
1773994454604 0.9963561296463013 8000
1773994542871 0.9954379200935364 8800
1773994630737 0.994720995426178 9600
1773994717257 0.9935277700424194 10400
1773994803949 0.9925093054771423 11200
1773994891765 0.9916789531707764 12000
1773994978456 0.9902990460395813 12800
1773995064361 0.9896965026855469 13600
1773995154597 0.9890738725662231 14400
1773995244759 0.9885233640670776 15200
1773995331409 0.9875319004058838 16000
1773995418136 0.9869126081466675 16800
1773995503468 0.9862701892852783 17600
1773995590489 0.985741138458252 18400
1773995676145 0.9849969744682312 19200
1773995761554 0.9844721555709839 20000
1773995847002 0.9840977191925049 20800
1773995934380 0.9835184216499329 21600
1773996021549 0.982962429523468 22400
1773996111954 0.9820900559425354 23200
1773996197497 0.9813267588615417 24000
1773996283296 0.9808651804924011 24800
1773996370904 0.9801652431488037 25600
1773996458083 0.9792640209197998 26400
1773996545665 0.978816568851471 27200
1773996633155 0.9786093235015869 28000
1773996721424 0.9779767990112305 28800
1773996806996 0.977461576461792 29600
1773996894620 0.9769135117530823 30400
1773996982993 0.9762462973594666 31200
1773997070479 0.9757865071296692 32000
1773997156404 0.9748676419258118 32800
1773997243879 0.9750887155532837 33600
1773997331672 0.9740913510322571 34400
1773997420299 0.9736393094062805 35200
1773997507945 0.9731713533401489 36000
1773997595723 0.972987949848175 36800
1773997682156 0.9724482297897339 37600
1773997773245 0.9723952412605286 38400
1773997863835 0.9713693261146545 39200
1773997951626 0.970600962638855 40000
1773998039429 0.9697763323783875 40800
1773998130822 0.9689507484436035 41600
1773998217083 0.9689064621925354 42400
1773998305010 0.9681090712547302 43200
1773998393731 0.9676786661148071 44000
1773998480061 0.9669452905654907 44800
1773998568133 0.9665272235870361 45600
1773998657036 0.9664663672447205 46400
1773998744816 0.9655700325965881 47200
1773998840613 0.9651142358779907 48000
1773998939313 0.9644066691398621 48800
1773999040628 0.9639320969581604 49600
1773999134538 0.9632271528244019 50400
1773999228134 0.9626590013504028 51200
1773999323419 0.9620674848556519 52000
1773999418757 0.9617776870727539 52800
1773999514153 0.9611696004867554 53600
1773999608072 0.9611085057258606 54400
1773999703556 0.9610798358917236 55200
1773999799379 0.9605076909065247 56000
1773999894862 0.9599509239196777 56800
1773999991597 0.9596971869468689 57600
1774000087595 0.9593457579612732 58400
1774000181551 0.9589567184448242 59200
1774000275834 0.9582582712173462 60000
1774000371812 0.9573090672492981 60800
1774000471056 0.9568626284599304 61600
1774000567107 0.9564585089683533 62400
1774000661287 0.9564931988716125 63200
1774000760398 0.9559552073478699 64000
1774000856618 0.9553576707839966 64800
1774000953638 0.9545426368713379 65600
1774001047876 0.95417320728302 66400
1774001147241 0.9537080526351929 67200
1774001241937 0.9534274339675903 68000
1774001337927 0.9528308510780334 68800
1774001434847 0.9521518349647522 69600
1774001531222 0.9517030715942383 70400
1774001627366 0.9511668682098389 71200
1774001721873 0.9506055116653442 72000
1774001818044 0.9504817724227905 72800
1774001914303 0.9498504996299744 73600
1774002009156 0.9496577978134155 74400
1774002108919 0.9489567279815674 75200
1774002205437 0.9487934112548828 76000
1774002302988 0.9481990337371826 76800
1774002397689 0.9477023482322693 77600
1774002495276 0.9474403262138367 78400
1774002591705 0.9473993182182312 79200
1774002689280 0.9470606446266174 80000
1774002789191 0.9469999074935913 80800
1774002883956 0.946743369102478 81600
1774002978282 0.946322500705719 82400
1774003067190 0.9459291100502014 83200
1774003154475 0.9458274841308594 84000
1774003243605 0.9458222389221191 84800
1774003335839 0.9458398222923279 85600
1774003423414 0.9454876780509949 86400
1774003512436 0.9451508522033691 87200
1774003599921 0.9445754289627075 88000
1774003690233 0.9435070753097534 88800
1774003779697 0.9431458115577698 89600
1774003872410 0.9430064558982849 90400
1774003961783 0.9426208734512329 91200
1774004051143 0.9421623349189758 92000
1774004140403 0.9420145153999329 92800
1774004229903 0.941986620426178 93600
1774004319498 0.9414430856704712 94400
1774004408576 0.9411444664001465 95200
1774004497862 0.9412442445755005 96000
1774004588116 0.9406156539916992 96800
1774004678271 0.9402685761451721 97600
1774004768933 0.9398608803749084 98400
1774004858451 0.9398418664932251 99200
1774004948793 0.9396337866783142 100000
1774005038539 0.9391550421714783 100800
1774005128351 0.9390660524368286 101600
1774005216229 0.9388023614883423 102400
1774005306248 0.9384592771530151 103200
1774005394318 0.9383625984191895 104000
1774005483879 0.9381962418556213 104800
1774005573872 0.938025176525116 105600
1774005662054 0.9377204775810242 106400
1774005751490 0.9373325705528259 107200
1774005839606 0.9370304346084595 108000
1774005932552 0.9370896816253662 108800
1774006022379 0.936410665512085 109600
1774006112246 0.9357997179031372 110400
1774006200498 0.9355295896530151 111200
1774006288812 0.9353155493736267 112000
1774006377173 0.9344706535339355 112800
1774006468061 0.9341829419136047 113600
1774006558173 0.9341342449188232 114400
1774006648041 0.9340001940727234 115200
1774006736450 0.933892548084259 116000
1774006826429 0.9334959983825684 116800
1774006916598 0.9331805109977722 117600
1774007005183 0.933327853679657 118400
1774007093759 0.9332040548324585 119200
1774007183262 0.9326965808868408 120000
1774007274459 0.9322834610939026 120800
1774007365105 0.931988000869751 121600
1774007460243 0.931633710861206 122400
1774007561246 0.9313979148864746 123200
1774007659300 0.9315218329429626 124000
1774007755589 0.9311530590057373 124800
1774007853340 0.931067168712616 125600
1774007951269 0.9309759736061096 126400
1774008047795 0.930732786655426 127200
1774008143781 0.9303890466690063 128000
1774008242454 0.9296731352806091 128800
1774008340644 0.929470956325531 129600
1774008437134 0.9292930364608765 130400
1774008535329 0.9289006590843201 131200
1774008638548 0.9285950660705566 132000
1774008735090 0.9285456538200378 132800
1774008834661 0.9281107783317566 133600
1774008933145 0.9278680086135864 134400
1774009030591 0.9276320338249207 135200
1774009127567 0.927453875541687 136000
1774009225172 0.9269057512283325 136800
1774009322286 0.9265922904014587 137600
1774009420940 0.926322877407074 138400
1774009518273 0.925998330116272 139200
1774009615475 0.9257723093032837 140000
1774009715390 0.9259765148162842 140800
1774009815410 0.9256551265716553 141600
1774009913294 0.9251416921615601 142400
1774010010715 0.9252721071243286 143200
1774010109989 0.925226628780365 144000
1774010212541 0.9247599840164185 144800
1774010309901 0.924300491809845 145600
1774010407260 0.9243696331977844 146400
1774010509369 0.9240217208862305 147200
1774010611300 0.9238983988761902 148000
1774010713311 0.9233933091163635 148800
1774010818976 0.9232584834098816 149600
1774010925866 0.9236883521080017 150400
