1773993602796 0.999424159526825 800
1773993699234 0.9999376535415649 1600
1773993793960 1.0002422332763672 2400
1773993891158 1.000430703163147 3200
1773993983586 1.0008152723312378 4000
1773994077429 1.0014010667800903 4800
1773994174442 1.0019800662994385 5600
1773994268346 1.0024970769882202 6400
1773994362285 1.0030157566070557 7200
1773994454604 1.0035470724105835 8000
1773994542871 1.0043048858642578 8800
1773994630737 1.004639983177185 9600
1773994717257 1.0051555633544922 10400
1773994803949 1.0059152841567993 11200
1773994891765 1.0065959692001343 12000
1773994978456 1.0070937871932983 12800
1773995064361 1.0074291229248047 13600
1773995154597 1.0080264806747437 14400
1773995244759 1.0085185766220093 15200
1773995331409 1.0095816850662231 16000
1773995418136 1.010146141052246 16800
1773995503468 1.0103824138641357 17600
1773995590489 1.0109540224075317 18400
1773995676145 1.0116121768951416 19200
1773995761554 1.0118898153305054 20000
1773995847002 1.0129034519195557 20800
1773995934380 1.0135561227798462 21600
1773996021549 1.0141595602035522 22400
1773996111954 1.0144321918487549 23200
1773996197497 1.014793038368225 24000
1773996283296 1.01534903049469 24800
1773996370904 1.0156407356262207 25600
1773996458083 1.0161117315292358 26400
1773996545665 1.0168513059616089 27200
1773996633155 1.0170114040374756 28000
1773996721424 1.0173615217208862 28800
1773996806996 1.0182201862335205 29600
1773996894620 1.0184385776519775 30400
1773996982993 1.0187681913375854 31200
1773997070479 1.0190057754516602 32000
1773997156404 1.0191636085510254 32800
1773997243879 1.0193639993667603 33600
1773997331672 1.0193910598754883 34400
1773997420299 1.0195242166519165 35200
1773997507945 1.0197101831436157 36000
1773997595723 1.0199570655822754 36800
1773997682156 1.0201945304870605 37600
1773997773245 1.0205943584442139 38400
1773997863835 1.020944356918335 39200
1773997951626 1.0210585594177246 40000
1773998039429 1.0209699869155884 40800
1773998130822 1.0211408138275146 41600
1773998217083 1.0213208198547363 42400
1773998305010 1.0212713479995728 43200
1773998393731 1.0216572284698486 44000
1773998480061 1.0218106508255005 44800
1773998568133 1.0220398902893066 45600
1773998657036 1.0221121311187744 46400
1773998744816 1.0222562551498413 47200
1773998840613 1.0222193002700806 48000
1773998939313 1.022209882736206 48800
1773999040628 1.0221428871154785 49600
1773999134538 1.0222135782241821 50400
1773999228134 1.022217869758606 51200
1773999323419 1.0221177339553833 52000
1773999418757 1.0218195915222168 52800
1773999514153 1.0221704244613647 53600
1773999608072 1.022067904472351 54400
1773999703556 1.021946907043457 55200
1773999799379 1.0219945907592773 56000
1773999894862 1.022106647491455 56800
1773999991597 1.0222712755203247 57600
1774000087595 1.0219836235046387 58400
1774000181551 1.0215857028961182 59200
1774000275834 1.0219401121139526 60000
1774000371812 1.0222504138946533 60800
1774000471056 1.0223625898361206 61600
1774000567107 1.021974802017212 62400
1774000661287 1.0220850706100464 63200
1774000760398 1.0219247341156006 64000
1774000856618 1.0220540761947632 64800
1774000953638 1.0220792293548584 65600
1774001047876 1.0218138694763184 66400
1774001147241 1.0214636325836182 67200
1774001241937 1.0212188959121704 68000
1774001337927 1.0211600065231323 68800
1774001434847 1.02139151096344 69600
1774001531222 1.0210751295089722 70400
1774001627366 1.0207024812698364 71200
1774001721873 1.0205968618392944 72000
1774001818044 1.0205013751983643 72800
1774001914303 1.0205776691436768 73600
1774002009156 1.0203635692596436 74400
1774002108919 1.0203781127929688 75200
1774002205437 1.0202699899673462 76000
1774002302988 1.0201536417007446 76800
1774002397689 1.0199140310287476 77600
1774002495276 1.0197560787200928 78400
1774002591705 1.0194259881973267 79200
1774002689280 1.019498586654663 80000
1774002789191 1.0192996263504028 80800
1774002883956 1.0189486742019653 81600
1774002978282 1.0190277099609375 82400
1774003067190 1.0185482501983643 83200
1774003154475 1.0184019804000854 84000
1774003243605 1.0181983709335327 84800
1774003335839 1.0181326866149902 85600
1774003423414 1.017661690711975 86400
1774003512436 1.0175942182540894 87200
1774003599921 1.0173262357711792 88000
1774003690233 1.0171222686767578 88800
1774003779697 1.0171260833740234 89600
1774003872410 1.0167776346206665 90400
1774003961783 1.0166027545928955 91200
1774004051143 1.0162385702133179 92000
1774004140403 1.0156538486480713 92800
1774004229903 1.0153671503067017 93600
1774004319498 1.0154236555099487 94400
1774004408576 1.0151746273040771 95200
1774004497862 1.0151335000991821 96000
1774004588116 1.0150474309921265 96800
1774004678271 1.0150033235549927 97600
1774004768933 1.0148591995239258 98400
1774004858451 1.0143972635269165 99200
1774004948793 1.0140951871871948 100000
1774005038539 1.0139696598052979 100800
1774005128351 1.0136756896972656 101600
1774005216229 1.0131218433380127 102400
1774005306248 1.0131924152374268 103200
1774005394318 1.012887716293335 104000
1774005483879 1.012160301208496 104800
1774005573872 1.012233018875122 105600
1774005662054 1.0116864442825317 106400
1774005751490 1.0116463899612427 107200
1774005839606 1.0110499858856201 108000
1774005932552 1.010683298110962 108800
1774006022379 1.0106738805770874 109600
1774006112246 1.010233998298645 110400
1774006200498 1.0102345943450928 111200
1774006288812 1.0102670192718506 112000
1774006377173 1.0098148584365845 112800
1774006468061 1.0098503828048706 113600
1774006558173 1.009477972984314 114400
1774006648041 1.0092378854751587 115200
1774006736450 1.0088298320770264 116000
1774006826429 1.0084507465362549 116800
1774006916598 1.0082517862319946 117600
1774007005183 1.007739782333374 118400
1774007093759 1.0074230432510376 119200
1774007183262 1.007368803024292 120000
1774007274459 1.0067626237869263 120800
1774007365105 1.0065034627914429 121600
1774007460243 1.0065300464630127 122400
1774007561246 1.0062851905822754 123200
1774007659300 1.0059648752212524 124000
1774007755589 1.0053502321243286 124800
1774007853340 1.004867434501648 125600
1774007951269 1.0042972564697266 126400
1774008047795 1.0039126873016357 127200
1774008143781 1.0033609867095947 128000
1774008242454 1.003118634223938 128800
1774008340644 1.0029122829437256 129600
1774008437134 1.0026445388793945 130400
1774008535329 1.0023350715637207 131200
1774008638548 1.00217866897583 132000
1774008735090 1.001896858215332 132800
1774008834661 1.0014827251434326 133600
1774008933145 1.0007009506225586 134400
1774009030591 1.000387191772461 135200
1774009127567 1.0000642538070679 136000
1774009225172 0.9998622536659241 136800
1774009322286 0.999515175819397 137600
1774009420940 0.9991899728775024 138400
1774009518273 0.9984899163246155 139200
1774009615475 0.9981023669242859 140000
1774009715390 0.9980815649032593 140800
1774009815410 0.9977635145187378 141600
1774009913294 0.9974942207336426 142400
1774010010715 0.9973666071891785 143200
1774010109989 0.9968988299369812 144000
1774010212541 0.9964969754219055 144800
1774010309901 0.9962636828422546 145600
1774010407260 0.9961762428283691 146400
1774010509369 0.9959056377410889 147200
1774010611300 0.9957342147827148 148000
1774010713311 0.9954646825790405 148800
1774010818976 0.9951269626617432 149600
1774010925866 0.9951356053352356 150400
