1773993602796 92457.7421875 800
1773993699234 89561.1171875 1600
1773993793960 87781.5 2400
1773993891158 84332.1953125 3200
1773993983586 83552.0 4000
1773994077429 79641.515625 4800
1773994174442 78947.484375 5600
1773994268346 77441.6484375 6400
1773994362285 74673.359375 7200
1773994454604 75015.6484375 8000
1773994542871 75990.28125 8800
1773994630737 73714.046875 9600
1773994717257 73982.0234375 10400
1773994803949 72541.84375 11200
1773994891765 72277.9296875 12000
1773994978456 71229.1171875 12800
1773995064361 72082.1875 13600
1773995154597 71839.1171875 14400
1773995244759 71712.515625 15200
1773995331409 71173.953125 16000
1773995418136 68548.171875 16800
1773995503468 68023.1484375 17600
1773995590489 68431.609375 18400
1773995676145 68291.875 19200
1773995761554 67673.234375 20000
1773995847002 70533.21875 20800
1773995934380 68415.3125 21600
1773996021549 69203.25 22400
1773996111954 69044.015625 23200
1773996197497 68503.15625 24000
1773996283296 70613.0625 24800
1773996370904 68575.734375 25600
1773996458083 68716.734375 26400
1773996545665 69793.6953125 27200
1773996633155 70953.703125 28000
1773996721424 69809.59375 28800
1773996806996 68268.75 29600
1773996894620 68437.9375 30400
1773996982993 68463.8203125 31200
1773997070479 66911.640625 32000
1773997156404 65775.046875 32800
1773997243879 67012.84375 33600
1773997331672 69368.71875 34400
1773997420299 66537.4375 35200
1773997507945 68878.9921875 36000
1773997595723 66648.34375 36800
1773997682156 68766.9296875 37600
1773997773245 72145.59375 38400
1773997863835 71162.859375 39200
1773997951626 69623.171875 40000
1773998039429 69078.296875 40800
1773998130822 69844.8828125 41600
1773998217083 68385.46875 42400
1773998305010 69524.2734375 43200
1773998393731 68408.5859375 44000
1773998480061 71928.9609375 44800
1773998568133 70808.40625 45600
1773998657036 68588.65625 46400
1773998744816 70903.3046875 47200
1773998840613 67415.734375 48000
1773998939313 68485.0234375 48800
1773999040628 70491.375 49600
1773999134538 70374.6640625 50400
1773999228134 70595.5546875 51200
1773999323419 69520.28125 52000
1773999418757 68929.046875 52800
1773999514153 73125.125 53600
1773999608072 70096.8203125 54400
1773999703556 71185.6796875 55200
1773999799379 68596.375 56000
1773999894862 70154.2890625 56800
1773999991597 70546.234375 57600
1774000087595 70640.828125 58400
1774000181551 67455.375 59200
1774000275834 71270.484375 60000
1774000371812 71573.5234375 60800
1774000471056 70505.234375 61600
1774000567107 71288.59375 62400
1774000661287 72381.46875 63200
1774000760398 69977.484375 64000
1774000856618 70568.3359375 64800
1774000953638 72644.984375 65600
1774001047876 72256.8671875 66400
1774001147241 68769.453125 67200
1774001241937 68889.59375 68000
1774001337927 69819.8203125 68800
1774001434847 69958.7890625 69600
1774001531222 70529.234375 70400
1774001627366 69741.7265625 71200
1774001721873 71503.375 72000
1774001818044 71773.828125 72800
1774001914303 73970.7734375 73600
1774002009156 72484.546875 74400
1774002108919 71468.875 75200
1774002205437 72930.4921875 76000
1774002302988 72936.859375 76800
1774002397689 71904.1953125 77600
1774002495276 72867.09375 78400
1774002591705 69805.1796875 79200
1774002689280 72150.1015625 80000
1774002789191 71877.40625 80800
1774002883956 69446.046875 81600
1774002978282 71528.25 82400
1774003067190 73235.71875 83200
1774003154475 72975.9140625 84000
1774003243605 72879.4375 84800
1774003335839 71243.4375 85600
1774003423414 72305.0390625 86400
1774003512436 72943.53125 87200
1774003599921 71112.7578125 88000
1774003690233 70191.421875 88800
1774003779697 72292.46875 89600
1774003872410 70026.890625 90400
1774003961783 71303.75 91200
1774004051143 70308.0625 92000
1774004140403 70021.4765625 92800
1774004229903 68628.203125 93600
1774004319498 71375.4375 94400
1774004408576 70465.1796875 95200
1774004497862 69126.515625 96000
1774004588116 71908.203125 96800
1774004678271 72140.484375 97600
1774004768933 73986.9453125 98400
1774004858451 69629.0546875 99200
1774004948793 70153.25 100000
1774005038539 73827.4609375 100800
1774005128351 69898.703125 101600
1774005216229 71257.09375 102400
1774005306248 73064.75 103200
1774005394318 73151.84375 104000
1774005483879 73238.625 104800
1774005573872 72423.8671875 105600
1774005662054 70208.921875 106400
1774005751490 73738.9921875 107200
1774005839606 74477.9453125 108000
1774005932552 69967.53125 108800
1774006022379 71712.3359375 109600
1774006112246 73744.21875 110400
1774006200498 73340.84375 111200
1774006288812 71080.5859375 112000
1774006377173 74390.03125 112800
1774006468061 74484.296875 113600
1774006558173 73524.3203125 114400
1774006648041 70944.8671875 115200
1774006736450 70212.265625 116000
1774006826429 69294.609375 116800
1774006916598 74004.078125 117600
1774007005183 71115.2109375 118400
1774007093759 72405.390625 119200
1774007183262 72161.421875 120000
1774007274459 68463.7734375 120800
1774007365105 68724.2890625 121600
1774007460243 71808.484375 122400
1774007561246 74122.0234375 123200
1774007659300 74743.6171875 124000
1774007755589 73844.7421875 124800
1774007853340 72317.046875 125600
1774007951269 71208.2265625 126400
1774008047795 71464.75 127200
1774008143781 73620.3671875 128000
1774008242454 73081.6875 128800
1774008340644 73308.96875 129600
1774008437134 70775.0703125 130400
1774008535329 70906.390625 131200
1774008638548 72302.921875 132000
1774008735090 69565.3671875 132800
1774008834661 71791.1484375 133600
1774008933145 70319.4375 134400
1774009030591 74190.078125 135200
1774009127567 72859.03125 136000
1774009225172 73846.8125 136800
1774009322286 72539.65625 137600
1774009420940 74393.96875 138400
1774009518273 75139.671875 139200
1774009615475 71532.78125 140000
1774009715390 71947.203125 140800
1774009815410 71677.0625 141600
1774009913294 74555.859375 142400
1774010010715 72675.8125 143200
1774010109989 73240.03125 144000
1774010212541 76008.3984375 144800
1774010309901 76261.8828125 145600
1774010407260 74140.171875 146400
1774010509369 70873.1875 147200
1774010611300 73758.296875 148000
1774010713311 75166.6953125 148800
1774010818976 73571.296875 149600
1774010925866 74451.1015625 150400
