1773993602796 -0.0023309446405619383 800
1773993699234 -0.004417269490659237 1600
1773993793960 -0.0066780224442481995 2400
1773993891158 -0.007810624316334724 3200
1773993983586 -0.008562429808080196 4000
1773994077429 -0.009486793540418148 4800
1773994174442 -0.009958912618458271 5600
1773994268346 -0.010478642769157887 6400
1773994362285 -0.011129922233521938 7200
1773994454604 -0.011811173520982265 8000
1773994542871 -0.012297065928578377 8800
1773994630737 -0.012575648725032806 9600
1773994717257 -0.01307467371225357 10400
1773994803949 -0.013527773320674896 11200
1773994891765 -0.013899425975978374 12000
1773994978456 -0.014397494494915009 12800
1773995064361 -0.014652241952717304 13600
1773995154597 -0.014951850287616253 14400
1773995244759 -0.015174041502177715 15200
1773995331409 -0.015440389513969421 16000
1773995418136 -0.015616781078279018 16800
1773995503468 -0.016152769327163696 17600
1773995590489 -0.016042722389101982 18400
1773995676145 -0.01641218177974224 19200
1773995761554 -0.01687001623213291 20000
1773995847002 -0.016831770539283752 20800
1773995934380 -0.017086170613765717 21600
1773996021549 -0.017242752015590668 22400
1773996111954 -0.01752057485282421 23200
1773996197497 -0.017590371891856194 24000
1773996283296 -0.017666326835751534 24800
1773996370904 -0.01801506243646145 25600
1773996458083 -0.01836608722805977 26400
1773996545665 -0.01872285269200802 27200
1773996633155 -0.018887512385845184 28000
1773996721424 -0.019082071259617805 28800
1773996806996 -0.019209448248147964 29600
1773996894620 -0.01946951448917389 30400
1773996982993 -0.01968594454228878 31200
1773997070479 -0.019819004461169243 32000
1773997156404 -0.0201302170753479 32800
1773997243879 -0.02017134241759777 33600
1773997331672 -0.020176319405436516 34400
1773997420299 -0.020466435700654984 35200
1773997507945 -0.020663360133767128 36000
1773997595723 -0.020898642018437386 36800
1773997682156 -0.02109397016465664 37600
1773997773245 -0.02122805081307888 38400
1773997863835 -0.02152254618704319 39200
1773997951626 -0.021741341799497604 40000
1773998039429 -0.02194293774664402 40800
1773998130822 -0.022016746923327446 41600
1773998217083 -0.022181499749422073 42400
1773998305010 -0.022272350266575813 43200
1773998393731 -0.022649696096777916 44000
1773998480061 -0.022407839074730873 44800
1773998568133 -0.02276179939508438 45600
1773998657036 -0.023130634799599648 46400
1773998744816 -0.023059284314513206 47200
1773998840613 -0.02341606095433235 48000
1773998939313 -0.023363545536994934 48800
1773999040628 -0.023514972999691963 49600
1773999134538 -0.023617619648575783 50400
1773999228134 -0.02390139177441597 51200
1773999323419 -0.024286864325404167 52000
1773999418757 -0.024381155148148537 52800
1773999514153 -0.0244732778519392 53600
1773999608072 -0.024804558604955673 54400
1773999703556 -0.024978386238217354 55200
1773999799379 -0.0252694059163332 56000
1773999894862 -0.025316525250673294 56800
1773999991597 -0.025310594588518143 57600
1774000087595 -0.02554325759410858 58400
1774000181551 -0.02587761916220188 59200
1774000275834 -0.02593446709215641 60000
1774000371812 -0.02606567181646824 60800
1774000471056 -0.026397371664643288 61600
1774000567107 -0.026674244552850723 62400
1774000661287 -0.0266141127794981 63200
1774000760398 -0.02692791260778904 64000
1774000856618 -0.02692287601530552 64800
1774000953638 -0.02704882249236107 65600
1774001047876 -0.027149487286806107 66400
1774001147241 -0.027336299419403076 67200
1774001241937 -0.02720768377184868 68000
1774001337927 -0.0272125992923975 68800
1774001434847 -0.02750476263463497 69600
1774001531222 -0.027856191620230675 70400
1774001627366 -0.02809401974081993 71200
1774001721873 -0.028244776651263237 72000
1774001818044 -0.02840031497180462 72800
1774001914303 -0.028405314311385155 73600
1774002009156 -0.028796719387173653 74400
1774002108919 -0.02900635078549385 75200
1774002205437 -0.02917870134115219 76000
1774002302988 -0.029305849224328995 76800
1774002397689 -0.029374318197369576 77600
1774002495276 -0.029480528086423874 78400
1774002591705 -0.02968171052634716 79200
1774002689280 -0.029769593849778175 80000
1774002789191 -0.02989324741065502 80800
1774002883956 -0.030209891498088837 81600
1774002978282 -0.030077628791332245 82400
1774003067190 -0.03001721389591694 83200
1774003154475 -0.030263474211096764 84000
1774003243605 -0.030317706987261772 84800
1774003335839 -0.030301203951239586 85600
1774003423414 -0.03044097311794758 86400
1774003512436 -0.03049427643418312 87200
1774003599921 -0.03083433210849762 88000
1774003690233 -0.030802849680185318 88800
1774003779697 -0.030888965353369713 89600
1774003872410 -0.031043196097016335 90400
1774003961783 -0.03108380362391472 91200
1774004051143 -0.03132634237408638 92000
1774004140403 -0.031369343400001526 92800
1774004229903 -0.03141716867685318 93600
1774004319498 -0.03149079531431198 94400
1774004408576 -0.031529463827610016 95200
1774004497862 -0.03193885087966919 96000
1774004588116 -0.03194794803857803 96800
1774004678271 -0.03212983161211014 97600
1774004768933 -0.03212661296129227 98400
1774004858451 -0.03248508647084236 99200
1774004948793 -0.03230071812868118 100000
1774005038539 -0.032136037945747375 100800
1774005128351 -0.03262799233198166 101600
1774005216229 -0.03273778036236763 102400
1774005306248 -0.0328102707862854 103200
1774005394318 -0.03282427042722702 104000
1774005483879 -0.03284183144569397 104800
1774005573872 -0.03311890736222267 105600
1774005662054 -0.03333207964897156 106400
1774005751490 -0.03315514698624611 107200
1774005839606 -0.033150069415569305 108000
1774005932552 -0.03342952951788902 108800
1774006022379 -0.033426813781261444 109600
1774006112246 -0.033685680478811264 110400
1774006200498 -0.03361218422651291 111200
1774006288812 -0.03392377868294716 112000
1774006377173 -0.033907823264598846 112800
1774006468061 -0.03388722240924835 113600
1774006558173 -0.034207314252853394 114400
1774006648041 -0.03438063710927963 115200
1774006736450 -0.03418039157986641 116000
1774006826429 -0.03434803709387779 116800
1774006916598 -0.03412938117980957 117600
1774007005183 -0.03438355028629303 118400
1774007093759 -0.034618765115737915 119200
1774007183262 -0.0347568616271019 120000
1774007274459 -0.03469207137823105 120800
1774007365105 -0.03477141633629799 121600
1774007460243 -0.034941770136356354 122400
1774007561246 -0.035022325813770294 123200
1774007659300 -0.03508872911334038 124000
1774007755589 -0.035002924501895905 124800
1774007853340 -0.03513433039188385 125600
1774007951269 -0.03511981666088104 126400
1774008047795 -0.03515399619936943 127200
1774008143781 -0.035321373492479324 128000
1774008242454 -0.03543192520737648 128800
1774008340644 -0.03533395752310753 129600
1774008437134 -0.035413648933172226 130400
1774008535329 -0.035550136119127274 131200
1774008638548 -0.035533517599105835 132000
1774008735090 -0.035850632935762405 132800
1774008834661 -0.03572206199169159 133600
1774008933145 -0.03565311059355736 134400
1774009030591 -0.035610608756542206 135200
1774009127567 -0.03577078506350517 136000
1774009225172 -0.03570772707462311 136800
1774009322286 -0.035890936851501465 137600
1774009420940 -0.03591914847493172 138400
1774009518273 -0.0359790064394474 139200
1774009615475 -0.03627671301364899 140000
1774009715390 -0.03627666085958481 140800
1774009815410 -0.03624379634857178 141600
1774009913294 -0.036159615963697433 142400
1774010010715 -0.03633366897702217 143200
1774010109989 -0.036514248698949814 144000
1774010212541 -0.03640149161219597 144800
1774010309901 -0.036506593227386475 145600
1774010407260 -0.036786068230867386 146400
1774010509369 -0.036932896822690964 147200
1774010611300 -0.036952465772628784 148000
1774010713311 -0.036843493580818176 148800
1774010818976 -0.0368412546813488 149600
1774010925866 -0.036994822323322296 150400
