1773993602796 -0.002185490680858493 800
1773993699234 -0.0009532987605780363 1600
1773993793960 0.0006359388935379684 2400
1773993891158 0.0019187621073797345 3200
1773993983586 0.0035276974085718393 4000
1773994077429 0.004548908676952124 4800
1773994174442 0.005911624990403652 5600
1773994268346 0.0069220541045069695 6400
1773994362285 0.007553861476480961 7200
1773994454604 0.008721090853214264 8000
1773994542871 0.009400255046784878 8800
1773994630737 0.009725374169647694 9600
1773994717257 0.0102792177349329 10400
1773994803949 0.01071158517152071 11200
1773994891765 0.011115442961454391 12000
1773994978456 0.011606735177338123 12800
1773995064361 0.011938664130866528 13600
1773995154597 0.012204582802951336 14400
1773995244759 0.012442687526345253 15200
1773995331409 0.012672324664890766 16000
1773995418136 0.012806287966668606 16800
1773995503468 0.013264299370348454 17600
1773995590489 0.013079140335321426 18400
1773995676145 0.013335690833628178 19200
1773995761554 0.013771362602710724 20000
1773995847002 0.013656075112521648 20800
1773995934380 0.013931690715253353 21600
1773996021549 0.014026565477252007 22400
1773996111954 0.014257755130529404 23200
1773996197497 0.014288906939327717 24000
1773996283296 0.01426014956086874 24800
1773996370904 0.014566940255463123 25600
1773996458083 0.014820887707173824 26400
1773996545665 0.015156454406678677 27200
1773996633155 0.015280820429325104 28000
1773996721424 0.015358848497271538 28800
1773996806996 0.015497377142310143 29600
1773996894620 0.01565101183950901 30400
1773996982993 0.01582479476928711 31200
1773997070479 0.015968432649970055 32000
1773997156404 0.0160710159689188 32800
1773997243879 0.0160831268876791 33600
1773997331672 0.016088584437966347 34400
1773997420299 0.01631825603544712 35200
1773997507945 0.016490809619426727 36000
1773997595723 0.016725687310099602 36800
1773997682156 0.016814131289720535 37600
1773997773245 0.01689833402633667 38400
1773997863835 0.016996264457702637 39200
1773997951626 0.017146557569503784 40000
1773998039429 0.01738724671304226 40800
1773998130822 0.01747206412255764 41600
1773998217083 0.01765773631632328 42400
1773998305010 0.017489228397607803 43200
1773998393731 0.01777237094938755 44000
1773998480061 0.01753654144704342 44800
1773998568133 0.0176922045648098 45600
1773998657036 0.01795683428645134 46400
1773998744816 0.0177890844643116 47200
1773998840613 0.017925888299942017 48000
1773998939313 0.017835743725299835 48800
1773999040628 0.01785150170326233 49600
1773999134538 0.017968326807022095 50400
1773999228134 0.01813925802707672 51200
1773999323419 0.018311765044927597 52000
1773999418757 0.018435148522257805 52800
1773999514153 0.01844918541610241 53600
1773999608072 0.01874077506363392 54400
1773999703556 0.01899324357509613 55200
1773999799379 0.01935146562755108 56000
1773999894862 0.01954476721584797 56800
1773999991597 0.019511753693223 57600
1774000087595 0.01972167193889618 58400
1774000181551 0.02020677551627159 59200
1774000275834 0.020332342013716698 60000
1774000371812 0.020405113697052002 60800
1774000471056 0.020453080534934998 61600
1774000567107 0.02087813802063465 62400
1774000661287 0.020845025777816772 63200
1774000760398 0.02123846299946308 64000
1774000856618 0.02102281153202057 64800
1774000953638 0.020982440561056137 65600
1774001047876 0.020824044942855835 66400
1774001147241 0.0209675095975399 67200
1774001241937 0.020700087770819664 68000
1774001337927 0.020631959661841393 68800
1774001434847 0.02087453193962574 69600
1774001531222 0.021032461896538734 70400
1774001627366 0.02116021141409874 71200
1774001721873 0.02127767726778984 72000
1774001818044 0.021409200504422188 72800
1774001914303 0.02146841026842594 73600
1774002009156 0.022030573338270187 74400
1774002108919 0.022345468401908875 75200
1774002205437 0.022433476522564888 76000
1774002302988 0.022448157891631126 76800
1774002397689 0.022174503654241562 77600
1774002495276 0.02211187593638897 78400
1774002591705 0.022523563355207443 79200
1774002689280 0.02261943183839321 80000
1774002789191 0.022611649706959724 80800
1774002883956 0.022907402366399765 81600
1774002978282 0.02274768427014351 82400
1774003067190 0.022825919091701508 83200
1774003154475 0.02298729121685028 84000
1774003243605 0.022762544453144073 84800
1774003335839 0.022930573672056198 85600
1774003423414 0.022675782442092896 86400
1774003512436 0.02272517792880535 87200
1774003599921 0.02281869202852249 88000
1774003690233 0.02256600558757782 88800
1774003779697 0.022899258881807327 89600
1774003872410 0.02294265106320381 90400
1774003961783 0.022993795573711395 91200
1774004051143 0.023392392322421074 92000
1774004140403 0.02350029908120632 92800
1774004229903 0.023564495146274567 93600
1774004319498 0.023455770686268806 94400
1774004408576 0.023636186495423317 95200
1774004497862 0.024146681651473045 96000
1774004588116 0.023984070867300034 96800
1774004678271 0.024170439690351486 97600
1774004768933 0.024155866354703903 98400
1774004858451 0.02433040365576744 99200
1774004948793 0.024204107001423836 100000
1774005038539 0.024220099672675133 100800
1774005128351 0.024636104702949524 101600
1774005216229 0.024725886061787605 102400
1774005306248 0.024536918848752975 103200
1774005394318 0.02465876005589962 104000
1774005483879 0.024637840688228607 104800
1774005573872 0.024867167696356773 105600
1774005662054 0.02524040825664997 106400
1774005751490 0.02527579851448536 107200
1774005839606 0.025370070710778236 108000
1774005932552 0.025537734851241112 108800
1774006022379 0.025568993762135506 109600
1774006112246 0.025841135531663895 110400
1774006200498 0.02574595995247364 111200
1774006288812 0.026032643392682076 112000
1774006377173 0.025737710297107697 112800
1774006468061 0.025749316439032555 113600
1774006558173 0.025704622268676758 114400
1774006648041 0.025752458721399307 115200
1774006736450 0.02580391801893711 116000
1774006826429 0.02590343914926052 116800
1774006916598 0.025656888261437416 117600
1774007005183 0.025386765599250793 118400
1774007093759 0.025934915989637375 119200
1774007183262 0.026262395083904266 120000
1774007274459 0.02616374008357525 120800
1774007365105 0.026526670902967453 121600
1774007460243 0.026913227513432503 122400
1774007561246 0.027299439534544945 123200
1774007659300 0.027260560542345047 124000
1774007755589 0.027193378657102585 124800
1774007853340 0.027188275009393692 125600
1774007951269 0.027703437954187393 126400
1774008047795 0.02785778045654297 127200
1774008143781 0.028347371146082878 128000
1774008242454 0.0284479521214962 128800
1774008340644 0.028495585545897484 129600
1774008437134 0.028733734041452408 130400
1774008535329 0.02840050309896469 131200
1774008638548 0.02862951159477234 132000
1774008735090 0.028951283544301987 132800
1774008834661 0.028952589258551598 133600
1774008933145 0.02927318960428238 134400
1774009030591 0.02965901605784893 135200
1774009127567 0.029665183275938034 136000
1774009225172 0.029404619708657265 136800
1774009322286 0.029622850939631462 137600
1774009420940 0.029900431632995605 138400
1774009518273 0.03007122315466404 139200
1774009615475 0.030118359252810478 140000
1774009715390 0.030452152714133263 140800
1774009815410 0.030255040153861046 141600
1774009913294 0.03007437475025654 142400
1774010010715 0.030343031510710716 143200
1774010109989 0.03031403198838234 144000
1774010212541 0.0304022915661335 144800
1774010309901 0.03063526377081871 145600
1774010407260 0.030780870467424393 146400
1774010509369 0.03065158985555172 147200
1774010611300 0.031684987246990204 148000
1774010713311 0.03141099959611893 148800
1774010818976 0.031237252056598663 149600
1774010925866 0.032073717564344406 150400
