1773993602796 0.996144711971283 800
1773993699234 0.9964479804039001 1600
1773993793960 0.9969831109046936 2400
1773993891158 0.9973700046539307 3200
1773993983586 0.9980217814445496 4000
1773994077429 0.9982303977012634 4800
1773994174442 0.998412549495697 5600
1773994268346 0.9983852505683899 6400
1773994362285 0.9981940388679504 7200
1773994454604 0.9980343580245972 8000
1773994542871 0.9978020787239075 8800
1773994630737 0.997819721698761 9600
1773994717257 0.9975321292877197 10400
1773994803949 0.9969848990440369 11200
1773994891765 0.9966984987258911 12000
1773994978456 0.9961934685707092 12800
1773995064361 0.9958810210227966 13600
1773995154597 0.9955294728279114 14400
1773995244759 0.9951037168502808 15200
1773995331409 0.9946333169937134 16000
1773995418136 0.9945124983787537 16800
1773995503468 0.9940604567527771 17600
1773995590489 0.9940134286880493 18400
1773995676145 0.9935609102249146 19200
1773995761554 0.9929994344711304 20000
1773995847002 0.9928275346755981 20800
1773995934380 0.9922723174095154 21600
1773996021549 0.9919074177742004 22400
1773996111954 0.9915834665298462 23200
1773996197497 0.9915616512298584 24000
1773996283296 0.9914891719818115 24800
1773996370904 0.991102397441864 25600
1773996458083 0.9907903075218201 26400
1773996545665 0.9903576374053955 27200
1773996633155 0.9900376796722412 28000
1773996721424 0.9898701906204224 28800
1773996806996 0.9896327257156372 29600
1773996894620 0.9894963502883911 30400
1773996982993 0.9892458915710449 31200
1773997070479 0.9889845252037048 32000
1773997156404 0.9888543486595154 32800
1773997243879 0.9888773560523987 33600
1773997331672 0.988879382610321 34400
1773997420299 0.9883687496185303 35200
1773997507945 0.9880021214485168 36000
1773997595723 0.9875220656394958 36800
1773997682156 0.9873253107070923 37600
1773997773245 0.9871432781219482 38400
1773997863835 0.9869228005409241 39200
1773997951626 0.9867061972618103 40000
1773998039429 0.9865409731864929 40800
1773998130822 0.9864619374275208 41600
1773998217083 0.9861332774162292 42400
1773998305010 0.9861365556716919 43200
1773998393731 0.9858136773109436 44000
1773998480061 0.9858630299568176 44800
1773998568133 0.9854992628097534 45600
1773998657036 0.9849366545677185 46400
1773998744816 0.9849532246589661 47200
1773998840613 0.9846083521842957 48000
1773998939313 0.9845983982086182 48800
1773999040628 0.9843756556510925 49600
1773999134538 0.9842347502708435 50400
1773999228134 0.9837763905525208 51200
1773999323419 0.9835176467895508 52000
1773999418757 0.9832612872123718 52800
1773999514153 0.9829567670822144 53600
1773999608072 0.9825404286384583 54400
1773999703556 0.9822993874549866 55200
1773999799379 0.982033908367157 56000
1773999894862 0.9819293022155762 56800
1773999991597 0.9817366003990173 57600
1774000087595 0.9815950989723206 58400
1774000181551 0.9812718033790588 59200
1774000275834 0.9811265468597412 60000
1774000371812 0.9808975458145142 60800
1774000471056 0.9804729223251343 61600
1774000567107 0.9799574613571167 62400
1774000661287 0.9797537326812744 63200
1774000760398 0.9794995188713074 64000
1774000856618 0.9794579148292542 64800
1774000953638 0.9793376922607422 65600
1774001047876 0.9790211915969849 66400
1774001147241 0.9788859486579895 67200
1774001241937 0.9789049029350281 68000
1774001337927 0.9787126183509827 68800
1774001434847 0.9784160256385803 69600
1774001531222 0.9779714941978455 70400
1774001627366 0.9777538776397705 71200
1774001721873 0.9775727391242981 72000
1774001818044 0.977131724357605 72800
1774001914303 0.9770046472549438 73600
1774002009156 0.9766414165496826 74400
1774002108919 0.9765089154243469 75200
1774002205437 0.9763057231903076 76000
1774002302988 0.9760605692863464 76800
1774002397689 0.9758899211883545 77600
1774002495276 0.9757660627365112 78400
1774002591705 0.9755381941795349 79200
1774002689280 0.9755120873451233 80000
1774002789191 0.9753456115722656 80800
1774002883956 0.9750361442565918 81600
1774002978282 0.9751331210136414 82400
1774003067190 0.9751272797584534 83200
1774003154475 0.9747119545936584 84000
1774003243605 0.9745466709136963 84800
1774003335839 0.9744068384170532 85600
1774003423414 0.974149227142334 86400
1774003512436 0.9740947484970093 87200
1774003599921 0.9736714363098145 88000
1774003690233 0.9737851619720459 88800
1774003779697 0.9735994935035706 89600
1774003872410 0.973505437374115 90400
1774003961783 0.9732933640480042 91200
1774004051143 0.9731093049049377 92000
1774004140403 0.9728095531463623 92800
1774004229903 0.9726499915122986 93600
1774004319498 0.972600519657135 94400
1774004408576 0.9723891615867615 95200
1774004497862 0.9719386100769043 96000
1774004588116 0.9718453884124756 96800
1774004678271 0.9714608192443848 97600
1774004768933 0.971342146396637 98400
1774004858451 0.9708809852600098 99200
1774004948793 0.9710297584533691 100000
1774005038539 0.971021831035614 100800
1774005128351 0.9704903364181519 101600
1774005216229 0.970515251159668 102400
1774005306248 0.9702568650245667 103200
1774005394318 0.9701098799705505 104000
1774005483879 0.9699259996414185 104800
1774005573872 0.9697305560112 105600
1774005662054 0.9693288207054138 106400
1774005751490 0.9693090319633484 107200
1774005839606 0.9690679907798767 108000
1774005932552 0.9686893224716187 108800
1774006022379 0.9685933589935303 109600
1774006112246 0.968333899974823 110400
1774006200498 0.9683792591094971 111200
1774006288812 0.9681239128112793 112000
1774006377173 0.9681162238121033 112800
1774006468061 0.967949628829956 113600
1774006558173 0.9673894643783569 114400
1774006648041 0.9671491980552673 115200
1774006736450 0.9672811031341553 116000
1774006826429 0.9670442938804626 116800
1774006916598 0.967062771320343 117600
1774007005183 0.9666072130203247 118400
1774007093759 0.9663175344467163 119200
1774007183262 0.9660886526107788 120000
1774007274459 0.9661841988563538 120800
1774007365105 0.9657614827156067 121600
1774007460243 0.9653805494308472 122400
1774007561246 0.9650861620903015 123200
1774007659300 0.9649702310562134 124000
1774007755589 0.9651110768318176 124800
1774007853340 0.9647769331932068 125600
1774007951269 0.9646338224411011 126400
1774008047795 0.9643585085868835 127200
1774008143781 0.9640718698501587 128000
1774008242454 0.9639358520507812 128800
1774008340644 0.9639230966567993 129600
1774008437134 0.9636284112930298 130400
1774008535329 0.9634836912155151 131200
1774008638548 0.9633947610855103 132000
1774008735090 0.963114321231842 132800
1774008834661 0.9630407691001892 133600
1774008933145 0.9631524085998535 134400
1774009030591 0.9629610776901245 135200
1774009127567 0.9626049399375916 136000
1774009225172 0.9625536203384399 136800
1774009322286 0.9622519612312317 137600
1774009420940 0.9619970917701721 138400
1774009518273 0.9617091417312622 139200
1774009615475 0.9613543152809143 140000
1774009715390 0.9610273838043213 140800
1774009815410 0.9609575271606445 141600
1774009913294 0.960874617099762 142400
1774010010715 0.9605459570884705 143200
1774010109989 0.9602705240249634 144000
1774010212541 0.9603155255317688 144800
1774010309901 0.9602038264274597 145600
1774010407260 0.9596794247627258 146400
1774010509369 0.9595076441764832 147200
1774010611300 0.9592943787574768 148000
1774010713311 0.9593515396118164 148800
1774010818976 0.959148645401001 149600
1774010925866 0.9586715698242188 150400
