1773993602796 2217.74560546875 800
1773993699234 2123.90283203125 1600
1773993793960 2050.765869140625 2400
1773993891158 1975.494384765625 3200
1773993983586 1926.7630615234375 4000
1773994077429 1872.4256591796875 4800
1773994174442 1842.3380126953125 5600
1773994268346 1817.004638671875 6400
1773994362285 1795.534912109375 7200
1773994454604 1780.9429931640625 8000
1773994542871 1773.055419921875 8800
1773994630737 1759.481689453125 9600
1773994717257 1755.45703125 10400
1773994803949 1750.2530517578125 11200
1773994891765 1749.8172607421875 12000
1773994978456 1749.46630859375 12800
1773995064361 1749.4091796875 13600
1773995154597 1746.6781005859375 14400
1773995244759 1744.1654052734375 15200
1773995331409 1739.9761962890625 16000
1773995418136 1737.023681640625 16800
1773995503468 1745.656494140625 17600
1773995590489 1743.3555908203125 18400
1773995676145 1744.02490234375 19200
1773995761554 1741.53759765625 20000
1773995847002 1746.50927734375 20800
1773995934380 1736.73583984375 21600
1773996021549 1736.2420654296875 22400
1773996111954 1735.4742431640625 23200
1773996197497 1734.3232421875 24000
1773996283296 1735.781494140625 24800
1773996370904 1725.311767578125 25600
1773996458083 1728.084716796875 26400
1773996545665 1731.26953125 27200
1773996633155 1735.3101806640625 28000
1773996721424 1734.3900146484375 28800
1773996806996 1731.80859375 29600
1773996894620 1736.8377685546875 30400
1773996982993 1733.0003662109375 31200
1773997070479 1730.11865234375 32000
1773997156404 1737.0037841796875 32800
1773997243879 1731.688720703125 33600
1773997331672 1735.8055419921875 34400
1773997420299 1719.089111328125 35200
1773997507945 1725.3448486328125 36000
1773997595723 1715.856689453125 36800
1773997682156 1726.3004150390625 37600
1773997773245 1734.841552734375 38400
1773997863835 1732.1629638671875 39200
1773997951626 1722.496826171875 40000
1773998039429 1725.9462890625 40800
1773998130822 1725.365234375 41600
1773998217083 1712.33837890625 42400
1773998305010 1718.8770751953125 43200
1773998393731 1714.670654296875 44000
1773998480061 1733.0286865234375 44800
1773998568133 1727.460205078125 45600
1773998657036 1713.9307861328125 46400
1773998744816 1728.8778076171875 47200
1773998840613 1711.1719970703125 48000
1773998939313 1719.0106201171875 48800
1773999040628 1726.0810546875 49600
1773999134538 1728.225830078125 50400
1773999228134 1729.3128662109375 51200
1773999323419 1724.0811767578125 52000
1773999418757 1717.96484375 52800
1773999514153 1743.5386962890625 53600
1773999608072 1725.7640380859375 54400
1773999703556 1723.3603515625 55200
1773999799379 1711.9398193359375 56000
1773999894862 1720.021484375 56800
1773999991597 1726.592529296875 57600
1774000087595 1728.65087890625 58400
1774000181551 1707.1512451171875 59200
1774000275834 1726.651611328125 60000
1774000371812 1730.2476806640625 60800
1774000471056 1725.08154296875 61600
1774000567107 1725.8885498046875 62400
1774000661287 1727.7408447265625 63200
1774000760398 1713.7584228515625 64000
1774000856618 1721.6527099609375 64800
1774000953638 1738.58642578125 65600
1774001047876 1739.1419677734375 66400
1774001147241 1719.63427734375 67200
1774001241937 1723.542236328125 68000
1774001337927 1725.5870361328125 68800
1774001434847 1726.3226318359375 69600
1774001531222 1730.8819580078125 70400
1774001627366 1723.26025390625 71200
1774001721873 1734.1527099609375 72000
1774001818044 1725.7838134765625 72800
1774001914303 1738.5146484375 73600
1774002009156 1720.7774658203125 74400
1774002108919 1717.6849365234375 75200
1774002205437 1731.1038818359375 76000
1774002302988 1723.96240234375 76800
1774002397689 1717.7994384765625 77600
1774002495276 1726.2518310546875 78400
1774002591705 1702.0517578125 79200
1774002689280 1727.440185546875 80000
1774002789191 1721.6488037109375 80800
1774002883956 1705.0325927734375 81600
1774002978282 1717.94873046875 82400
1774003067190 1727.444091796875 83200
1774003154475 1720.00390625 84000
1774003243605 1719.9788818359375 84800
1774003335839 1703.8043212890625 85600
1774003423414 1715.195556640625 86400
1774003512436 1729.4354248046875 87200
1774003599921 1712.869140625 88000
1774003690233 1716.628173828125 88800
1774003779697 1729.367431640625 89600
1774003872410 1715.13330078125 90400
1774003961783 1721.47998046875 91200
1774004051143 1714.7254638671875 92000
1774004140403 1706.2706298828125 92800
1774004229903 1697.66650390625 93600
1774004319498 1718.2821044921875 94400
1774004408576 1708.6591796875 95200
1774004497862 1699.394287109375 96000
1774004588116 1719.9779052734375 96800
1774004678271 1722.498779296875 97600
1774004768933 1740.2005615234375 98400
1774004858451 1703.5816650390625 99200
1774004948793 1705.4964599609375 100000
1774005038539 1736.8458251953125 100800
1774005128351 1705.1453857421875 101600
1774005216229 1720.8245849609375 102400
1774005306248 1734.422607421875 103200
1774005394318 1730.3057861328125 104000
1774005483879 1728.8984375 104800
1774005573872 1727.8404541015625 105600
1774005662054 1707.3695068359375 106400
1774005751490 1730.166259765625 107200
1774005839606 1739.353271484375 108000
1774005932552 1703.4713134765625 108800
1774006022379 1717.403564453125 109600
1774006112246 1740.05908203125 110400
1774006200498 1736.9326171875 111200
1774006288812 1722.427978515625 112000
1774006377173 1756.028076171875 112800
1774006468061 1751.8917236328125 113600
1774006558173 1742.8043212890625 114400
1774006648041 1718.0673828125 115200
1774006736450 1708.084228515625 116000
1774006826429 1700.518310546875 116800
1774006916598 1741.0362548828125 117600
1774007005183 1716.3792724609375 118400
1774007093759 1721.75048828125 119200
1774007183262 1722.0557861328125 120000
1774007274459 1698.667724609375 120800
1774007365105 1696.197998046875 121600
1774007460243 1719.06787109375 122400
1774007561246 1736.6187744140625 123200
1774007659300 1742.6103515625 124000
1774007755589 1729.0426025390625 124800
1774007853340 1713.4188232421875 125600
1774007951269 1703.1619873046875 126400
1774008047795 1707.3660888671875 127200
1774008143781 1728.3427734375 128000
1774008242454 1724.767578125 128800
1774008340644 1721.355224609375 129600
1774008437134 1695.9989013671875 130400
1774008535329 1694.9398193359375 131200
1774008638548 1711.5933837890625 132000
1774008735090 1693.4349365234375 132800
1774008834661 1713.34912109375 133600
1774008933145 1703.6424560546875 134400
1774009030591 1731.4141845703125 135200
1774009127567 1719.263427734375 136000
1774009225172 1730.477294921875 136800
1774009322286 1719.4644775390625 137600
1774009420940 1736.3946533203125 138400
1774009518273 1747.8626708984375 139200
1774009615475 1713.87353515625 140000
1774009715390 1708.4688720703125 140800
1774009815410 1706.254150390625 141600
1774009913294 1738.704345703125 142400
1774010010715 1721.1534423828125 143200
1774010109989 1736.85302734375 144000
1774010212541 1764.728271484375 144800
1774010309901 1762.10107421875 145600
1774010407260 1732.050048828125 146400
1774010509369 1704.5406494140625 147200
1774010611300 1732.7711181640625 148000
1774010713311 1747.5753173828125 148800
1774010818976 1731.659912109375 149600
1774010925866 1735.1605224609375 150400
