1773993602796 0.0017045759595930576 800
1773993699234 0.0003522739571053535 1600
1773993793960 -0.0010710569331422448 2400
1773993891158 -0.0020464861299842596 3200
1773993983586 -0.002932831645011902 4000
1773994077429 -0.0034835273399949074 4800
1773994174442 -0.003490612143650651 5600
1773994268346 -0.003499254584312439 6400
1773994362285 -0.0035357684828341007 7200
1773994454604 -0.0036005047149956226 8000
1773994542871 -0.0035817096941173077 8800
1773994630737 -0.0033199863974004984 9600
1773994717257 -0.003227351699024439 10400
1773994803949 -0.0033464045263826847 11200
1773994891765 -0.003246731823310256 12000
1773994978456 -0.0034472174011170864 12800
1773995064361 -0.0033508911728858948 13600
1773995154597 -0.003373989136889577 14400
1773995244759 -0.0033680463675409555 15200
1773995331409 -0.0033989015500992537 16000
1773995418136 -0.003321937285363674 16800
1773995503468 -0.0034085370134562254 17600
1773995590489 -0.0031334501691162586 18400
1773995676145 -0.003162717679515481 19200
1773995761554 -0.0033187016379088163 20000
1773995847002 -0.003157787723466754 20800
1773995934380 -0.003320633200928569 21600
1773996021549 -0.003253892995417118 22400
1773996111954 -0.003315903712064028 23200
1773996197497 -0.003142082365229726 24000
1773996283296 -0.0029654873069375753 24800
1773996370904 -0.003064111340790987 25600
1773996458083 -0.0030632144771516323 26400
1773996545665 -0.0030629485845565796 27200
1773996633155 -0.0028907954692840576 28000
1773996721424 -0.002771947532892227 28800
1773996806996 -0.0027173359412699938 29600
1773996894620 -0.002619732404127717 30400
1773996982993 -0.00266227126121521 31200
1773997070479 -0.002572227967903018 32000
1773997156404 -0.0024938902352005243 32800
1773997243879 -0.0022383886389434338 33600
1773997331672 -0.0020767718087881804 34400
1773997420299 -0.0021820191759616137 35200
1773997507945 -0.002062399871647358 36000
1773997595723 -0.002143859164789319 36800
1773997682156 -0.0020099198445677757 37600
1773997773245 -0.0018879706040024757 38400
1773997863835 -0.0019146592821925879 39200
1773997951626 -0.0018898367416113615 40000
1773998039429 -0.001802793238312006 40800
1773998130822 -0.0017013963079079986 41600
1773998217083 -0.0016598216025158763 42400
1773998305010 -0.0013821988832205534 43200
1773998393731 -0.0014195783296599984 44000
1773998480061 -0.001060211332514882 44800
1773998568133 -0.0011099573457613587 45600
1773998657036 -0.001190992770716548 46400
1773998744816 -0.0009399331756867468 47200
1773998840613 -0.0009900894947350025 48000
1773998939313 -0.0008193265530280769 48800
1773999040628 -0.0006115719443187118 49600
1773999134538 -0.0005771625437773764 50400
1773999228134 -0.0005010413005948067 51200
1773999323419 -0.0006950243841856718 52000
1773999418757 -0.0006336072692647576 52800
1773999514153 -0.0004312102682888508 53600
1773999608072 -0.0005147493211552501 54400
1773999703556 -0.00048695411533117294 55200
1773999799379 -0.0005140977445989847 56000
1773999894862 -0.00037879281444475055 56800
1773999991597 -0.0001889417035272345 57600
1774000087595 -7.368385558947921e-05 58400
1774000181551 -0.00015215291932690889 59200
1774000275834 1.0337083040212747e-05 60000
1774000371812 6.76989002386108e-05 60800
1774000471056 3.4001332096522674e-05 61600
1774000567107 4.4730208173859864e-05 62400
1774000661287 0.0003553443239070475 63200
1774000760398 0.00022550883295480162 64000
1774000856618 0.0004334707045927644 64800
1774000953638 0.0005476661608554423 65600
1774001047876 0.0006525750504806638 66400
1774001147241 0.0006707708234898746 67200
1774001241937 0.0011057850206270814 68000
1774001337927 0.0012650338467210531 68800
1774001434847 0.0012422159779816866 69600
1774001531222 0.001301395590417087 70400
1774001627366 0.001400850946083665 71200
1774001721873 0.0015062830643728375 72000
1774001818044 0.0016052265418693423 72800
1774001914303 0.0018084843177348375 73600
1774002009156 0.0016824500635266304 74400
1774002108919 0.0016943510854616761 75200
1774002205437 0.0018210026901215315 76000
1774002302988 0.0018113960977643728 76800
1774002397689 0.001971683232113719 77600
1774002495276 0.0022470371332019567 78400
1774002591705 0.002169267972931266 79200
1774002689280 0.002394441282376647 80000
1774002789191 0.0024554927367717028 80800
1774002883956 0.0022799470461905003 81600
1774002978282 0.0026107574813067913 82400
1774003067190 0.0028514007572084665 83200
1774003154475 0.0028258878737688065 84000
1774003243605 0.0029822334181517363 84800
1774003335839 0.003132566111162305 85600
1774003423414 0.0032854306045919657 86400
1774003512436 0.0034560547210276127 87200
1774003599921 0.0033593662083148956 88000
1774003690233 0.003484258661046624 88800
1774003779697 0.003650595434010029 89600
1774003872410 0.0037194187752902508 90400
1774003961783 0.00388181465677917 91200
1774004051143 0.00385501841083169 92000
1774004140403 0.003933541011065245 92800
1774004229903 0.004011295270174742 93600
1774004319498 0.004196154419332743 94400
1774004408576 0.0042633474804461 95200
1774004497862 0.004177965689450502 96000
1774004588116 0.004496586974710226 96800
1774004678271 0.004538579378277063 97600
1774004768933 0.004795525688678026 98400
1774004858451 0.004688741639256477 99200
1774004948793 0.005004189908504486 100000
1774005038539 0.005383897107094526 100800
1774005128351 0.005262176506221294 101600
1774005216229 0.005265172105282545 102400
1774005306248 0.005403765011578798 103200
1774005394318 0.005639550741761923 104000
1774005483879 0.005839921068400145 104800
1774005573872 0.005688715726137161 105600
1774005662054 0.005715523846447468 106400
1774005751490 0.005981069058179855 107200
1774005839606 0.006283568684011698 108000
1774005932552 0.00614533107727766 108800
1774006022379 0.006386390887200832 109600
1774006112246 0.006487301085144281 110400
1774006200498 0.006608724128454924 111200
1774006288812 0.0065354458056390285 112000
1774006377173 0.00687442859634757 112800
1774006468061 0.007080934010446072 113600
1774006558173 0.007143663242459297 114400
1774006648041 0.0070601399056613445 115200
1774006736450 0.007264499552547932 116000
1774006826429 0.007287800777703524 116800
1774006916598 0.007774239871650934 117600
1774007005183 0.007793459575623274 118400
1774007093759 0.007752940058708191 119200
1774007183262 0.00787920318543911 120000
1774007274459 0.007806772831827402 120800
1774007365105 0.008009754121303558 121600
1774007460243 0.008231546729803085 122400
1774007561246 0.008394691161811352 123200
1774007659300 0.008516071364283562 124000
1774007755589 0.008476604707539082 124800
1774007853340 0.008588110096752644 125600
1774007951269 0.008870945312082767 126400
1774008047795 0.009026452898979187 127200
1774008143781 0.009180272929370403 128000
1774008242454 0.009199904277920723 128800
1774008340644 0.009217415936291218 129600
1774008437134 0.00920893531292677 130400
1774008535329 0.00908742193132639 131200
1774008638548 0.009400115348398685 132000
1774008735090 0.00928717665374279 132800
1774008834661 0.009686189703643322 133600
1774008933145 0.009836544282734394 134400
1774009030591 0.010180577635765076 135200
1774009127567 0.010302289389073849 136000
1774009225172 0.010452107526361942 136800
1774009322286 0.010502361692488194 137600
1774009420940 0.010702165775001049 138400
1774009518273 0.01076492015272379 139200
1774009615475 0.010633086785674095 140000
1774009715390 0.010916861705482006 140800
1774009815410 0.010937158949673176 141600
1774009913294 0.011231993325054646 142400
1774010010715 0.01130366139113903 143200
1774010109989 0.011500970460474491 144000
1774010212541 0.011631515808403492 144800
1774010309901 0.011487170122563839 145600
1774010407260 0.011444433592259884 146400
1774010509369 0.01134884636849165 147200
1774010611300 0.011723330244421959 148000
1774010713311 0.011855075135827065 148800
1774010818976 0.01195543259382248 149600
1774010925866 0.012315516360104084 150400
