1773993602796 0.0009389208280481398 800
1773993699234 0.000567860493902117 1600
1773993793960 -0.0002709152759052813 2400
1773993891158 -0.00036787433782592416 3200
1773993983586 -0.0009023821330629289 4000
1773994077429 -0.0012067005736753345 4800
1773994174442 -0.001058726804330945 5600
1773994268346 -0.0008015171624720097 6400
1773994362285 -0.0007396054570563138 7200
1773994454604 -0.0005265519139356911 8000
1773994542871 -0.0006228201673366129 8800
1773994630737 -0.0007222730782814324 9600
1773994717257 -0.0009763416601344943 10400
1773994803949 -0.0008612382225692272 11200
1773994891765 -0.0005482252454385161 12000
1773994978456 -0.0009664002573117614 12800
1773995064361 -0.0010447838576510549 13600
1773995154597 -0.0014665048802271485 14400
1773995244759 -0.0015835234662517905 15200
1773995331409 -0.0019187667639926076 16000
1773995418136 -0.0020310133695602417 16800
1773995503468 -0.0020759229082614183 17600
1773995590489 -0.0021374812349677086 18400
1773995676145 -0.0020925989374518394 19200
1773995761554 -0.0018526787171140313 20000
1773995847002 -0.00205685431137681 20800
1773995934380 -0.002100687939673662 21600
1773996021549 -0.0020397633779793978 22400
1773996111954 -0.0018826269078999758 23200
1773996197497 -0.002352683339267969 24000
1773996283296 -0.002820741618052125 24800
1773996370904 -0.0028073792345821857 25600
1773996458083 -0.0027575867716223 26400
1773996545665 -0.00282748113386333 27200
1773996633155 -0.0031225348357111216 28000
1773996721424 -0.0033116943668574095 28800
1773996806996 -0.003298200899735093 29600
1773996894620 -0.0037253082264214754 30400
1773996982993 -0.003827650099992752 31200
1773997070479 -0.003866512095555663 32000
1773997156404 -0.003971422556787729 32800
1773997243879 -0.004354024305939674 33600
1773997331672 -0.004818236455321312 34400
1773997420299 -0.0049853241071105 35200
1773997507945 -0.0050092111341655254 36000
1773997595723 -0.004882631823420525 36800
1773997682156 -0.005179150495678186 37600
1773997773245 -0.005320215132087469 38400
1773997863835 -0.005567070096731186 39200
1773997951626 -0.005702903028577566 40000
1773998039429 -0.005821703467518091 40800
1773998130822 -0.005772351287305355 41600
1773998217083 -0.005883203353732824 42400
1773998305010 -0.00637975987046957 43200
1773998393731 -0.006498970091342926 44000
1773998480061 -0.006912017706781626 44800
1773998568133 -0.007052685134112835 45600
1773998657036 -0.00703629432246089 46400
1773998744816 -0.007349533960223198 47200
1773998840613 -0.0076133511029183865 48000
1773998939313 -0.007843551225960255 48800
1773999040628 -0.008232220076024532 49600
1773999134538 -0.008510795421898365 50400
1773999228134 -0.008704551495611668 51200
1773999323419 -0.008937199600040913 52000
1773999418757 -0.009081792086362839 52800
1773999514153 -0.009221724234521389 53600
1773999608072 -0.009065882302820683 54400
1773999703556 -0.009121528826653957 55200
1773999799379 -0.009026620537042618 56000
1773999894862 -0.009423746727406979 56800
1773999991597 -0.00946067739278078 57600
1774000087595 -0.009600469842553139 58400
1774000181551 -0.009560535661876202 59200
1774000275834 -0.009635081514716148 60000
1774000371812 -0.009804870933294296 60800
1774000471056 -0.00980521272867918 61600
1774000567107 -0.009588305838406086 62400
1774000661287 -0.00976870022714138 63200
1774000760398 -0.00971151702105999 64000
1774000856618 -0.009989352896809578 64800
1774000953638 -0.010126063600182533 65600
1774001047876 -0.010323279537260532 66400
1774001147241 -0.010424845851957798 67200
1774001241937 -0.010795327834784985 68000
1774001337927 -0.011031526140868664 68800
1774001434847 -0.0110193882137537 69600
1774001531222 -0.011297546327114105 70400
1774001627366 -0.011496033519506454 71200
1774001721873 -0.011601432226598263 72000
1774001818044 -0.011491491459310055 72800
1774001914303 -0.011909836903214455 73600
1774002009156 -0.011701702140271664 74400
1774002108919 -0.011908591724932194 75200
1774002205437 -0.012279128655791283 76000
1774002302988 -0.01215583086013794 76800
1774002397689 -0.01240556314587593 77600
1774002495276 -0.012548333033919334 78400
1774002591705 -0.01265860628336668 79200
1774002689280 -0.013065510429441929 80000
1774002789191 -0.01349663082510233 80800
1774002883956 -0.013586183078587055 81600
1774002978282 -0.013799097388982773 82400
1774003067190 -0.014078366570174694 83200
1774003154475 -0.013978910632431507 84000
1774003243605 -0.014102581888437271 84800
1774003335839 -0.01411520503461361 85600
1774003423414 -0.014460594393312931 86400
1774003512436 -0.014768297784030437 87200
1774003599921 -0.014826159924268723 88000
1774003690233 -0.015213030390441418 88800
1774003779697 -0.015501423738896847 89600
1774003872410 -0.015834394842386246 90400
1774003961783 -0.016269072890281677 91200
1774004051143 -0.01653110235929489 92000
1774004140403 -0.01657453551888466 92800
1774004229903 -0.01664530485868454 93600
1774004319498 -0.017328709363937378 94400
1774004408576 -0.017378827556967735 95200
1774004497862 -0.01750260218977928 96000
1774004588116 -0.017866134643554688 96800
1774004678271 -0.017914338037371635 97600
1774004768933 -0.018288753926753998 98400
1774004858451 -0.018087824806571007 99200
1774004948793 -0.018561996519565582 100000
1774005038539 -0.01885560154914856 100800
1774005128351 -0.018780075013637543 101600
1774005216229 -0.019182665273547173 102400
1774005306248 -0.019354378804564476 103200
1774005394318 -0.01947050541639328 104000
1774005483879 -0.019864993169903755 104800
1774005573872 -0.0202601607888937 105600
1774005662054 -0.02023540809750557 106400
1774005751490 -0.02049918659031391 107200
1774005839606 -0.020624546334147453 108000
1774005932552 -0.020417166873812675 108800
1774006022379 -0.020648393779993057 109600
1774006112246 -0.020830126479268074 110400
1774006200498 -0.020928090438246727 111200
1774006288812 -0.020928703248500824 112000
1774006377173 -0.021444810554385185 112800
1774006468061 -0.02156851813197136 113600
1774006558173 -0.021617915481328964 114400
1774006648041 -0.0215341504663229 115200
1774006736450 -0.021522220224142075 116000
1774006826429 -0.021700972691178322 116800
1774006916598 -0.022129083052277565 117600
1774007005183 -0.021992860361933708 118400
1774007093759 -0.02211781032383442 119200
1774007183262 -0.022127265110611916 120000
1774007274459 -0.022573133930563927 120800
1774007365105 -0.0223134346306324 121600
1774007460243 -0.02256186492741108 122400
1774007561246 -0.02255646511912346 123200
1774007659300 -0.022721022367477417 124000
1774007755589 -0.022988121956586838 124800
1774007853340 -0.02311095781624317 125600
1774007951269 -0.02320306934416294 126400
1774008047795 -0.023416554555296898 127200
1774008143781 -0.023745624348521233 128000
1774008242454 -0.02389201708137989 128800
1774008340644 -0.024053020402789116 129600
1774008437134 -0.023939726874232292 130400
1774008535329 -0.024335119873285294 131200
1774008638548 -0.024348009377717972 132000
1774008735090 -0.02451752871274948 132800
1774008834661 -0.024796001613140106 133600
1774008933145 -0.02478199452161789 134400
1774009030591 -0.024964837357401848 135200
1774009127567 -0.025090424343943596 136000
1774009225172 -0.025302963331341743 136800
1774009322286 -0.02541477046906948 137600
1774009420940 -0.02557593397796154 138400
1774009518273 -0.025459496304392815 139200
1774009615475 -0.025800907984375954 140000
1774009715390 -0.025580238550901413 140800
1774009815410 -0.02580808289349079 141600
1774009913294 -0.026345733553171158 142400
1774010010715 -0.026005499064922333 143200
1774010109989 -0.026254069060087204 144000
1774010212541 -0.02665284089744091 144800
1774010309901 -0.02718914858996868 145600
1774010407260 -0.026767097413539886 146400
1774010509369 -0.026943426579236984 147200
1774010611300 -0.026692459359765053 148000
1774010713311 -0.027161436155438423 148800
1774010818976 -0.02712980844080448 149600
1774010925866 -0.026754366233944893 150400
