1773993602796 21.454933285713196 800
1773993699234 20.916445553302765 1600
1773993793960 20.376944541931152 2400
1773993891158 20.01291513442993 3200
1773993983586 19.698098301887512 4000
1773994077429 19.425660371780396 4800
1773994174442 19.275525212287903 5600
1773994268346 19.17644590139389 6400
1773994362285 19.09000277519226 7200
1773994454604 19.05861347913742 8000
1773994542871 19.28929090499878 8800
1773994630737 19.331802427768707 9600
1773994717257 19.52206939458847 10400
1773994803949 19.405536353588104 11200
1773994891765 19.598758220672607 12000
1773994978456 19.48682814836502 12800
1773995064361 19.673459231853485 13600
1773995154597 19.652853906154633 14400
1773995244759 19.60943043231964 15200
1773995331409 19.59124505519867 16000
1773995418136 19.533848762512207 16800
1773995503468 19.645778834819794 17600
1773995590489 19.939355552196503 18400
1773995676145 19.859224557876587 19200
1773995761554 19.604884088039398 20000
1773995847002 20.174646377563477 20800
1773995934380 19.664809107780457 21600
1773996021549 19.727684557437897 22400
1773996111954 19.69784051179886 23200
1773996197497 19.768863916397095 24000
1773996283296 20.11059820652008 24800
1773996370904 19.63900476694107 25600
1773996458083 19.67300921678543 26400
1773996545665 19.747456908226013 27200
1773996633155 19.803723692893982 28000
1773996721424 19.847165048122406 28800
1773996806996 19.77667510509491 29600
1773996894620 19.956526160240173 30400
1773996982993 19.81171816587448 31200
1773997070479 19.70173567533493 32000
1773997156404 19.802476465702057 32800
1773997243879 19.890761375427246 33600
1773997331672 20.319776237010956 34400
1773997420299 19.570110738277435 35200
1773997507945 19.83116716146469 36000
1773997595723 19.39637064933777 36800
1773997682156 19.738441705703735 37600
1773997773245 20.097540318965912 38400
1773997863835 19.95341032743454 39200
1773997951626 19.64031606912613 40000
1773998039429 19.742397964000702 40800
1773998130822 19.844447076320648 41600
1773998217083 19.416211545467377 42400
1773998305010 19.75235342979431 43200
1773998393731 19.50647234916687 44000
1773998480061 20.359613001346588 44800
1773998568133 20.029708743095398 45600
1773998657036 19.344553351402283 46400
1773998744816 19.887009263038635 47200
1773998840613 19.263166189193726 48000
1773998939313 19.714662432670593 48800
1773999040628 19.890759885311127 49600
1773999134538 20.04256844520569 50400
1773999228134 19.909290969371796 51200
1773999323419 19.715122878551483 52000
1773999418757 19.60832327604294 52800
1773999514153 20.266789197921753 53600
1773999608072 19.715549051761627 54400
1773999703556 19.675371050834656 55200
1773999799379 19.346395134925842 56000
1773999894862 19.622062146663666 56800
1773999991597 19.85388547182083 57600
1774000087595 19.891537725925446 58400
1774000181551 19.238926470279694 59200
1774000275834 19.770793616771698 60000
1774000371812 19.92865800857544 60800
1774000471056 19.573630392551422 61600
1774000567107 19.438083469867706 62400
1774000661287 19.597408175468445 63200
1774000760398 19.239865243434906 64000
1774000856618 19.558624923229218 64800
1774000953638 20.000405609607697 65600
1774001047876 19.968150556087494 66400
1774001147241 19.556331634521484 67200
1774001241937 19.826743006706238 68000
1774001337927 19.99780535697937 68800
1774001434847 19.97237503528595 69600
1774001531222 19.851773977279663 70400
1774001627366 19.62580382823944 71200
1774001721873 19.881556928157806 72000
1774001818044 19.570578634738922 72800
1774001914303 19.924645125865936 73600
1774002009156 19.339068233966827 74400
1774002108919 19.333966076374054 75200
1774002205437 19.631588459014893 76000
1774002302988 19.47830468416214 76800
1774002397689 19.405587017536163 77600
1774002495276 19.607067108154297 78400
1774002591705 19.09303367137909 79200
1774002689280 19.713212549686432 80000
1774002789191 19.582796096801758 80800
1774002883956 19.15639042854309 81600
1774002978282 19.660000503063202 82400
1774003067190 20.01837193965912 83200
1774003154475 19.657012820243835 84000
1774003243605 19.645418226718903 84800
1774003335839 19.41297948360443 85600
1774003423414 19.621852040290833 86400
1774003512436 20.073606073856354 87200
1774003599921 19.46524679660797 88000
1774003690233 19.74862962961197 88800
1774003779697 20.046310126781464 89600
1774003872410 19.690129160881042 90400
1774003961783 19.871440529823303 91200
1774004051143 19.651758670806885 92000
1774004140403 19.400325417518616 92800
1774004229903 19.290058314800262 93600
1774004319498 19.867055118083954 94400
1774004408576 19.69826966524124 95200
1774004497862 19.204676151275635 96000
1774004588116 19.687767326831818 96800
1774004678271 19.643180072307587 97600
1774004768933 20.13731151819229 98400
1774004858451 19.158750772476196 99200
1774004948793 19.460928440093994 100000
1774005038539 20.30937969684601 100800
1774005128351 19.211111962795258 101600
1774005216229 19.597862660884857 102400
1774005306248 19.820386171340942 103200
1774005394318 19.6847140789032 104000
1774005483879 19.6601003408432 104800
1774005573872 19.63288187980652 105600
1774005662054 19.136270880699158 106400
1774005751490 19.759845733642578 107200
1774005839606 19.956819713115692 108000
1774005932552 19.09095197916031 108800
1774006022379 19.423754513263702 109600
1774006112246 19.703179597854614 110400
1774006200498 19.830727577209473 111200
1774006288812 19.414104521274567 112000
1774006377173 20.142261683940887 112800
1774006468061 20.187313854694366 113600
1774006558173 19.75805014371872 114400
1774006648041 19.304752349853516 115200
1774006736450 19.386065006256104 116000
1774006826429 19.167505204677582 116800
1774006916598 20.244649052619934 117600
1774007005183 19.583819806575775 118400
1774007093759 19.53027695417404 119200
1774007183262 19.52689439058304 120000
1774007274459 19.343823194503784 120800
1774007365105 19.221679866313934 121600
1774007460243 19.513408839702606 122400
1774007561246 19.728422164916992 123200
1774007659300 19.886304438114166 124000
1774007755589 19.948475062847137 124800
1774007853340 19.54203099012375 125600
1774007951269 19.41453367471695 126400
1774008047795 19.43129152059555 127200
1774008143781 19.69321519136429 128000
1774008242454 19.608114659786224 128800
1774008340644 19.699600338935852 129600
1774008437134 19.23181563615799 130400
1774008535329 19.276927411556244 131200
1774008638548 19.638845324516296 132000
1774008735090 19.140927493572235 132800
1774008834661 19.659584760665894 133600
1774008933145 19.675415754318237 134400
1774009030591 20.226716995239258 135200
1774009127567 19.818605482578278 136000
1774009225172 20.209529995918274 136800
1774009322286 19.813279807567596 137600
1774009420940 20.103749632835388 138400
1774009518273 20.27435451745987 139200
1774009615475 19.520123302936554 140000
1774009715390 19.344250857830048 140800
1774009815410 19.435665011405945 141600
1774009913294 20.143041014671326 142400
1774010010715 19.668646156787872 143200
1774010109989 19.886037707328796 144000
1774010212541 20.57560533285141 144800
1774010309901 20.525971055030823 145600
1774010407260 19.733235239982605 146400
1774010509369 19.28645372390747 147200
1774010611300 19.694378972053528 148000
1774010713311 20.205658674240112 148800
1774010818976 20.011404156684875 149600
1774010925866 19.755148887634277 150400
