1773993602796 99.86740112304688 800
1773993699234 99.86649322509766 1600
1773993793960 99.86557006835938 2400
1773993891158 99.86498260498047 3200
1773993983586 99.86421203613281 4000
1773994077429 99.86381530761719 4800
1773994174442 99.86321258544922 5600
1773994268346 99.86270904541016 6400
1773994362285 99.86231994628906 7200
1773994454604 99.86155700683594 8000
1773994542871 99.86099243164062 8800
1773994630737 99.86067962646484 9600
1773994717257 99.86017608642578 10400
1773994803949 99.85979461669922 11200
1773994891765 99.85919952392578 12000
1773994978456 99.85944366455078 12800
1773995064361 99.85929870605469 13600
1773995154597 99.85920715332031 14400
1773995244759 99.85946655273438 15200
1773995331409 99.85951232910156 16000
1773995418136 99.85939025878906 16800
1773995503468 99.8587646484375 17600
1773995590489 99.8585433959961 18400
1773995676145 99.85821533203125 19200
1773995761554 99.85843658447266 20000
1773995847002 99.8580093383789 20800
1773995934380 99.8586196899414 21600
1773996021549 99.85867309570312 22400
1773996111954 99.85847473144531 23200
1773996197497 99.85844421386719 24000
1773996283296 99.85832214355469 24800
1773996370904 99.85868072509766 25600
1773996458083 99.85856628417969 26400
1773996545665 99.85859680175781 27200
1773996633155 99.85820007324219 28000
1773996721424 99.85787963867188 28800
1773996806996 99.85779571533203 29600
1773996894620 99.85767364501953 30400
1773996982993 99.85780334472656 31200
1773997070479 99.8576431274414 32000
1773997156404 99.85704803466797 32800
1773997243879 99.85686492919922 33600
1773997331672 99.85710144042969 34400
1773997420299 99.85786437988281 35200
1773997507945 99.85767364501953 36000
1773997595723 99.85803985595703 36800
1773997682156 99.8576431274414 37600
1773997773245 99.85762023925781 38400
1773997863835 99.85755157470703 39200
1773997951626 99.85774230957031 40000
1773998039429 99.85749816894531 40800
1773998130822 99.85772705078125 41600
1773998217083 99.85821533203125 42400
1773998305010 99.85780334472656 43200
1773998393731 99.85826873779297 44000
1773998480061 99.85784912109375 44800
1773998568133 99.85771179199219 45600
1773998657036 99.85819244384766 46400
1773998744816 99.85783386230469 47200
1773998840613 99.85794067382812 48000
1773998939313 99.85757446289062 48800
1773999040628 99.85758972167969 49600
1773999134538 99.85733032226562 50400
1773999228134 99.85736846923828 51200
1773999323419 99.85738372802734 52000
1773999418757 99.85758972167969 52800
1773999514153 99.85724639892578 53600
1773999608072 99.85717010498047 54400
1773999703556 99.85748291015625 55200
1773999799379 99.85749816894531 56000
1773999894862 99.85743713378906 56800
1773999991597 99.85720825195312 57600
1774000087595 99.85696411132812 58400
1774000181551 99.8575210571289 59200
1774000275834 99.85718536376953 60000
1774000371812 99.85697937011719 60800
1774000471056 99.85712432861328 61600
1774000567107 99.85741424560547 62400
1774000661287 99.85733795166016 63200
1774000760398 99.85737609863281 64000
1774000856618 99.85690307617188 64800
1774000953638 99.8565673828125 65600
1774001047876 99.85652923583984 66400
1774001147241 99.85662841796875 67200
1774001241937 99.85598754882812 68000
1774001337927 99.85587310791016 68800
1774001434847 99.85606384277344 69600
1774001531222 99.85601043701172 70400
1774001627366 99.85619354248047 71200
1774001721873 99.85595703125 72000
1774001818044 99.85663604736328 72800
1774001914303 99.85663604736328 73600
1774002009156 99.85730743408203 74400
1774002108919 99.85706329345703 75200
1774002205437 99.85665893554688 76000
1774002302988 99.8570785522461 76800
1774002397689 99.85698699951172 77600
1774002495276 99.856689453125 78400
1774002591705 99.85690307617188 79200
1774002689280 99.85611724853516 80000
1774002789191 99.85625457763672 80800
1774002883956 99.85652160644531 81600
1774002978282 99.8560562133789 82400
1774003067190 99.85597229003906 83200
1774003154475 99.85652160644531 84000
1774003243605 99.85640716552734 84800
1774003335839 99.85646057128906 85600
1774003423414 99.85611724853516 86400
1774003512436 99.85540771484375 87200
1774003599921 99.85607147216797 88000
1774003690233 99.8553237915039 88800
1774003779697 99.85526275634766 89600
1774003872410 99.85530090332031 90400
1774003961783 99.85517883300781 91200
1774004051143 99.85520935058594 92000
1774004140403 99.85548400878906 92800
1774004229903 99.85556030273438 93600
1774004319498 99.85491180419922 94400
1774004408576 99.8550033569336 95200
1774004497862 99.85546875 96000
1774004588116 99.85514831542969 96800
1774004678271 99.8553695678711 97600
1774004768933 99.85476684570312 98400
1774004858451 99.85565185546875 99200
1774004948793 99.85508728027344 100000
1774005038539 99.85462188720703 100800
1774005128351 99.85556030273438 101600
1774005216229 99.85494995117188 102400
1774005306248 99.8550796508789 103200
1774005394318 99.85531616210938 104000
1774005483879 99.85542297363281 104800
1774005573872 99.85501098632812 105600
1774005662054 99.85568237304688 106400
1774005751490 99.85542297363281 107200
1774005839606 99.85537719726562 108000
1774005932552 99.8560562133789 108800
1774006022379 99.85576629638672 109600
1774006112246 99.85581970214844 110400
1774006200498 99.85548400878906 111200
1774006288812 99.8554916381836 112000
1774006377173 99.85482788085938 112800
1774006468061 99.854736328125 113600
1774006558173 99.85516357421875 114400
1774006648041 99.85550689697266 115200
1774006736450 99.85543823242188 116000
1774006826429 99.85557556152344 116800
1774006916598 99.85444641113281 117600
1774007005183 99.85470581054688 118400
1774007093759 99.8552474975586 119200
1774007183262 99.85521697998047 120000
1774007274459 99.85489654541016 120800
1774007365105 99.85517120361328 121600
1774007460243 99.85513305664062 122400
1774007561246 99.85521697998047 123200
1774007659300 99.85476684570312 124000
1774007755589 99.85449981689453 124800
1774007853340 99.85459899902344 125600
1774007951269 99.85468292236328 126400
1774008047795 99.85482788085938 127200
1774008143781 99.85482025146484 128000
1774008242454 99.85470581054688 128800
1774008340644 99.85446166992188 129600
1774008437134 99.8548355102539 130400
1774008535329 99.85465240478516 131200
1774008638548 99.85415649414062 132000
1774008735090 99.85441589355469 132800
1774008834661 99.85415649414062 133600
1774008933145 99.8538818359375 134400
1774009030591 99.85385131835938 135200
1774009127567 99.8541030883789 136000
1774009225172 99.85350799560547 136800
1774009322286 99.85372161865234 137600
1774009420940 99.85367584228516 138400
1774009518273 99.85352325439453 139200
1774009615475 99.85401916503906 140000
1774009715390 99.85454559326172 140800
1774009815410 99.85404968261719 141600
1774009913294 99.85343933105469 142400
1774010010715 99.853759765625 143200
1774010109989 99.85337829589844 144000
1774010212541 99.85254669189453 144800
1774010309901 99.85240173339844 145600
1774010407260 99.85326385498047 146400
1774010509369 99.85325622558594 147200
1774010611300 99.8531494140625 148000
1774010713311 99.85246276855469 148800
1774010818976 99.85246276855469 149600
1774010925866 99.85321044921875 150400
