1773993602796 0.9971692562103271 800
1773993699234 0.9970535039901733 1600
1773993793960 0.9969446063041687 2400
1773993891158 0.9957253932952881 3200
1773993983586 0.9946194291114807 4000
1773994077429 0.9930462837219238 4800
1773994174442 0.9912667274475098 5600
1773994268346 0.9898324012756348 6400
1773994362285 0.988180935382843 7200
1773994454604 0.9868312478065491 8000
1773994542871 0.985149621963501 8800
1773994630737 0.9844111800193787 9600
1773994717257 0.9827532172203064 10400
1773994803949 0.9815961718559265 11200
1773994891765 0.9808063507080078 12000
1773994978456 0.9800306558609009 12800
1773995064361 0.9797504544258118 13600
1773995154597 0.9792328476905823 14400
1773995244759 0.9786332249641418 15200
1773995331409 0.9781750440597534 16000
1773995418136 0.9777289032936096 16800
1773995503468 0.9765151739120483 17600
1773995590489 0.9760913252830505 18400
1773995676145 0.975449800491333 19200
1773995761554 0.9751995205879211 20000
1773995847002 0.9747287034988403 20800
1773995934380 0.9741577506065369 21600
1773996021549 0.9737610816955566 22400
1773996111954 0.972965657711029 23200
1773996197497 0.972853422164917 24000
1773996283296 0.9724631905555725 24800
1773996370904 0.9727538824081421 25600
1773996458083 0.9722945094108582 26400
1773996545665 0.9719604849815369 27200
1773996633155 0.9716002941131592 28000
1773996721424 0.9710717797279358 28800
1773996806996 0.9707008004188538 29600
1773996894620 0.9702861905097961 30400
1773996982993 0.9701418280601501 31200
1773997070479 0.9701668620109558 32000
1773997156404 0.9697942137718201 32800
1773997243879 0.9701092839241028 33600
1773997331672 0.9701696038246155 34400
1773997420299 0.9699217677116394 35200
1773997507945 0.9695755839347839 36000
1773997595723 0.9694780111312866 36800
1773997682156 0.968934178352356 37600
1773997773245 0.9692138433456421 38400
1773997863835 0.9689185619354248 39200
1773997951626 0.9688055515289307 40000
1773998039429 0.9685113430023193 40800
1773998130822 0.9685601592063904 41600
1773998217083 0.9687443971633911 42400
1773998305010 0.9681031703948975 43200
1773998393731 0.9679122567176819 44000
1773998480061 0.9681496024131775 44800
1773998568133 0.9676103591918945 45600
1773998657036 0.967195987701416 46400
1773998744816 0.9671159386634827 47200
1773998840613 0.966932475566864 48000
1773998939313 0.9664934277534485 48800
1773999040628 0.9666211009025574 49600
1773999134538 0.966337263584137 50400
1773999228134 0.965939462184906 51200
1773999323419 0.9654468297958374 52000
1773999418757 0.9652996063232422 52800
1773999514153 0.9650400280952454 53600
1773999608072 0.9648275375366211 54400
1773999703556 0.964996337890625 55200
1773999799379 0.9648932218551636 56000
1773999894862 0.9650537371635437 56800
1773999991597 0.9653291702270508 57600
1774000087595 0.9653513431549072 58400
1774000181551 0.9657188653945923 59200
1774000275834 0.9654598236083984 60000
1774000371812 0.9653365612030029 60800
1774000471056 0.9646419882774353 61600
1774000567107 0.9646458029747009 62400
1774000661287 0.9649548530578613 63200
1774000760398 0.9648062586784363 64000
1774000856618 0.9644116163253784 64800
1774000953638 0.9640598297119141 65600
1774001047876 0.9634613394737244 66400
1774001147241 0.9633914232254028 67200
1774001241937 0.9629022479057312 68000
1774001337927 0.962454080581665 68800
1774001434847 0.9627069234848022 69600
1774001531222 0.962365984916687 70400
1774001627366 0.9624090194702148 71200
1774001721873 0.9621616005897522 72000
1774001818044 0.9624187350273132 72800
1774001914303 0.9625896215438843 73600
1774002009156 0.9630066156387329 74400
1774002108919 0.9631607532501221 75200
1774002205437 0.9625889658927917 76000
1774002302988 0.9626346230506897 76800
1774002397689 0.9625488519668579 77600
1774002495276 0.9622882008552551 78400
1774002591705 0.9623377919197083 79200
1774002689280 0.9620426893234253 80000
1774002789191 0.9618554711341858 80800
1774002883956 0.9617215991020203 81600
1774002978282 0.9619470238685608 82400
1774003067190 0.9619567394256592 83200
1774003154475 0.9617695808410645 84000
1774003243605 0.9613144993782043 84800
1774003335839 0.9616345763206482 85600
1774003423414 0.961146354675293 86400
1774003512436 0.9607925415039062 87200
1774003599921 0.9603829979896545 88000
1774003690233 0.9595751166343689 88800
1774003779697 0.9593693614006042 89600
1774003872410 0.959197461605072 90400
1774003961783 0.9593480825424194 91200
1774004051143 0.9594246745109558 92000
1774004140403 0.9593183398246765 92800
1774004229903 0.959196150302887 93600
1774004319498 0.9590057730674744 94400
1774004408576 0.9588840007781982 95200
1774004497862 0.9588961005210876 96000
1774004588116 0.9585238099098206 96800
1774004678271 0.9583654999732971 97600
1774004768933 0.9580739140510559 98400
1774004858451 0.9577804803848267 99200
1774004948793 0.9577983021736145 100000
1774005038539 0.9578038454055786 100800
1774005128351 0.9577146768569946 101600
1774005216229 0.9572262167930603 102400
1774005306248 0.9568468332290649 103200
1774005394318 0.9568595290184021 104000
1774005483879 0.9564567804336548 104800
1774005573872 0.9560078978538513 105600
1774005662054 0.9560736417770386 106400
1774005751490 0.9561976790428162 107200
1774005839606 0.9560798406600952 108000
1774005932552 0.9559832811355591 108800
1774006022379 0.9560405015945435 109600
1774006112246 0.9558563232421875 110400
1774006200498 0.9556378722190857 111200
1774006288812 0.9554674029350281 112000
1774006377173 0.9550149440765381 112800
1774006468061 0.9548243880271912 113600
1774006558173 0.9545909762382507 114400
1774006648041 0.9546560049057007 115200
1774006736450 0.9548084735870361 116000
1774006826429 0.9546647667884827 116800
1774006916598 0.9542046785354614 117600
1774007005183 0.9537283778190613 118400
1774007093759 0.9538959860801697 119200
1774007183262 0.9540426731109619 120000
1774007274459 0.9537462592124939 120800
1774007365105 0.9539058804512024 121600
1774007460243 0.9535388350486755 122400
1774007561246 0.9536944031715393 123200
1774007659300 0.9533511400222778 124000
1774007755589 0.9533671140670776 124800
1774007853340 0.953292191028595 125600
1774007951269 0.9532480239868164 126400
1774008047795 0.95299232006073 127200
1774008143781 0.9531261324882507 128000
1774008242454 0.9529430866241455 128800
1774008340644 0.9527980089187622 129600
1774008437134 0.9529167413711548 130400
1774008535329 0.9526461362838745 131200
1774008638548 0.9527900815010071 132000
1774008735090 0.9528850317001343 132800
1774008834661 0.9525855183601379 133600
1774008933145 0.9526147246360779 134400
1774009030591 0.9526072144508362 135200
1774009127567 0.9520671963691711 136000
1774009225172 0.9518190622329712 136800
1774009322286 0.9516841769218445 137600
1774009420940 0.9516103863716125 138400
1774009518273 0.9513092041015625 139200
1774009615475 0.9509796500205994 140000
1774009715390 0.9512249827384949 140800
1774009815410 0.9507763385772705 141600
1774009913294 0.9507604241371155 142400
1774010010715 0.9503858685493469 143200
1774010109989 0.9496816396713257 144000
1774010212541 0.9495843648910522 144800
1774010309901 0.9496527314186096 145600
1774010407260 0.94965660572052 146400
1774010509369 0.9493265748023987 147200
1774010611300 0.9495510458946228 148000
1774010713311 0.9493468403816223 148800
1774010818976 0.949233889579773 149600
1774010925866 0.9497827291488647 150400
