1773993602796 -453.2333984375 800
1773993699234 -401.927978515625 1600
1773993793960 -365.142578125 2400
1773993891158 -303.7274169921875 3200
1773993983586 -287.14111328125 4000
1773994077429 -213.9229736328125 4800
1773994174442 -200.357177734375 5600
1773994268346 -179.7908935546875 6400
1773994362285 -131.900146484375 7200
1773994454604 -136.1119384765625 8000
1773994542871 -146.123291015625 8800
1773994630737 -95.85693359375 9600
1773994717257 -103.225341796875 10400
1773994803949 -80.9853515625 11200
1773994891765 -80.44073486328125 12000
1773994978456 -66.885009765625 12800
1773995064361 -83.2578125 13600
1773995154597 -78.91064453125 14400
1773995244759 -73.3955078125 15200
1773995331409 -62.8017578125 16000
1773995418136 -17.31170654296875 16800
1773995503468 -8.5614013671875 17600
1773995590489 -8.6619873046875 18400
1773995676145 -15.547119140625 19200
1773995761554 -14.2274169921875 20000
1773995847002 -54.992431640625 20800
1773995934380 -24.3060302734375 21600
1773996021549 -40.090087890625 22400
1773996111954 -37.74859619140625 23200
1773996197497 -27.09930419921875 24000
1773996283296 -59.5994873046875 24800
1773996370904 -30.0400390625 25600
1773996458083 -36.78460693359375 26400
1773996545665 -57.512451171875 27200
1773996633155 -83.78814697265625 28000
1773996721424 -59.0933837890625 28800
1773996806996 -29.22021484375 29600
1773996894620 -33.3043212890625 30400
1773996982993 -36.73931884765625 31200
1773997070479 -8.938232421875 32000
1773997156404 9.02392578125 32800
1773997243879 -8.445068359375 33600
1773997331672 -46.5810546875 34400
1773997420299 -4.255096435546875 35200
1773997507945 -47.009765625 36000
1773997595723 -9.96044921875 36800
1773997682156 -49.459716796875 37600
1773997773245 -106.5377197265625 38400
1773997863835 -92.41064453125 39200
1773997951626 -66.6849365234375 40000
1773998039429 -58.83349609375 40800
1773998130822 -68.20907592773438 41600
1773998217083 -52.6895751953125 42400
1773998305010 -65.868896484375 43200
1773998393731 -49.969970703125 44000
1773998480061 -104.2818603515625 44800
1773998568133 -86.170654296875 45600
1773998657036 -59.455169677734375 46400
1773998744816 -93.945068359375 47200
1773998840613 -42.6866455078125 48000
1773998939313 -49.2938232421875 48800
1773999040628 -90.40936279296875 49600
1773999134538 -83.84375 50400
1773999228134 -96.50927734375 51200
1773999323419 -75.264892578125 52000
1773999418757 -62.833251953125 52800
1773999514153 -144.19439697265625 53600
1773999608072 -91.95086669921875 54400
1773999703556 -113.4993896484375 55200
1773999799379 -64.2711181640625 56000
1773999894862 -93.11669921875 56800
1773999991597 -99.9776611328125 57600
1774000087595 -102.970947265625 58400
1774000181551 -49.369873046875 59200
1774000275834 -117.849853515625 60000
1774000371812 -121.62255859375 60800
1774000471056 -106.4970703125 61600
1774000567107 -128.65185546875 62400
1774000661287 -142.8046875 63200
1774000760398 -105.932861328125 64000
1774000856618 -112.2587890625 64800
1774000953638 -144.7779541015625 65600
1774001047876 -139.08001708984375 66400
1774001147241 -76.652587890625 67200
1774001241937 -73.421630859375 68000
1774001337927 -83.47021484375 68800
1774001434847 -91.23388671875 69600
1774001531222 -110.6180419921875 70400
1774001627366 -100.0303955078125 71200
1774001721873 -129.014892578125 72000
1774001818044 -140.4053955078125 72800
1774001914303 -174.31158447265625 73600
1774002009156 -153.67236328125 74400
1774002108919 -136.246826171875 75200
1774002205437 -163.094970703125 76000
1774002302988 -163.228759765625 76800
1774002397689 -144.95166015625 77600
1774002495276 -159.71868896484375 78400
1774002591705 -105.9859619140625 79200
1774002689280 -148.8272705078125 80000
1774002789191 -142.474365234375 80800
1774002883956 -102.6572265625 81600
1774002978282 -135.4581298828125 82400
1774003067190 -160.1923828125 83200
1774003154475 -163.597900390625 84000
1774003243605 -162.52294921875 84800
1774003335839 -130.0579833984375 85600
1774003423414 -147.94561767578125 86400
1774003512436 -153.890625 87200
1774003599921 -131.4813232421875 88000
1774003690233 -111.1552734375 88800
1774003779697 -145.28216552734375 89600
1774003872410 -105.22412109375 90400
1774003961783 -129.2613525390625 91200
1774004051143 -113.5748291015625 92000
1774004140403 -112.8782958984375 92800
1774004229903 -86.060302734375 93600
1774004319498 -132.514404296875 94400
1774004408576 -115.3154296875 95200
1774004497862 -101.5806884765625 96000
1774004588116 -148.59765625 96800
1774004678271 -155.9703369140625 97600
1774004768933 -173.95166015625 98400
1774004858451 -110.739990234375 99200
1774004948793 -114.9549560546875 100000
1774005038539 -164.52880859375 100800
1774005128351 -115.11090087890625 101600
1774005216229 -135.4730224609375 102400
1774005306248 -163.184326171875 103200
1774005394318 -169.38720703125 104000
1774005483879 -168.9962158203125 104800
1774005573872 -154.83740234375 105600
1774005662054 -125.771728515625 106400
1774005751490 -178.82989501953125 107200
1774005839606 -189.45556640625 108000
1774005932552 -120.400146484375 108800
1774006022379 -147.3525390625 109600
1774006112246 -184.240234375 110400
1774006200498 -170.323974609375 111200
1774006288812 -140.087646484375 112000
1774006377173 -191.039306640625 112800
1774006468061 -189.3759765625 113600
1774006558173 -179.781982421875 114400
1774006648041 -139.845703125 115200
1774006736450 -117.1910400390625 116000
1774006826429 -107.419921875 116800
1774006916598 -172.944580078125 117600
1774007005183 -131.3941650390625 118400
1774007093759 -156.76165771484375 119200
1774007183262 -153.1494140625 120000
1774007274459 -86.7579345703125 120800
1774007365105 -93.66943359375 121600
1774007460243 -150.58856201171875 122400
1774007561246 -189.212158203125 123200
1774007659300 -198.87799072265625 124000
1774007755589 -176.454345703125 124800
1774007853340 -157.47216796875 125600
1774007951269 -135.378173828125 126400
1774008047795 -141.80908203125 127200
1774008143781 -181.5850830078125 128000
1774008242454 -173.25048828125 128800
1774008340644 -172.7900390625 129600
1774008437134 -133.37986755371094 130400
1774008535329 -131.92889404296875 131200
1774008638548 -154.462646484375 132000
1774008735090 -112.8984375 132800
1774008834661 -143.62646484375 133600
1774008933145 -115.0223388671875 134400
1774009030591 -180.6162109375 135200
1774009127567 -161.17462158203125 136000
1774009225172 -174.153564453125 136800
1774009322286 -155.69287109375 137600
1774009420940 -189.01629638671875 138400
1774009518273 -202.649169921875 139200
1774009615475 -142.79925537109375 140000
1774009715390 -153.0087890625 140800
1774009815410 -142.471435546875 141600
1774009913294 -192.026123046875 142400
1774010010715 -160.1259765625 143200
1774010109989 -169.779541015625 144000
1774010212541 -217.96630859375 144800
1774010309901 -223.859375 145600
1774010407260 -192.1884765625 146400
1774010509369 -136.4609375 147200
1774010611300 -185.66796875 148000
1774010713311 -205.1160888671875 148800
1774010818976 -176.452880859375 149600
1774010925866 -191.3232421875 150400
