1773993602796 1117.6815185546875 800
1773993699234 1107.7279052734375 1600
1773993793960 1102.959228515625 2400
1773993891158 1104.3787841796875 3200
1773993983586 1105.484619140625 4000
1773994077429 1117.55810546875 4800
1773994174442 1121.792236328125 5600
1773994268346 1129.0538330078125 6400
1773994362285 1143.5819091796875 7200
1773994454604 1142.4735107421875 8000
1773994542871 1139.580810546875 8800
1773994630737 1154.0850830078125 9600
1773994717257 1153.284912109375 10400
1773994803949 1160.2401123046875 11200
1773994891765 1163.6170654296875 12000
1773994978456 1168.450927734375 12800
1773995064361 1164.1064453125 13600
1773995154597 1164.663330078125 14400
1773995244759 1164.0299072265625 15200
1773995331409 1166.4605712890625 16000
1773995418136 1183.10986328125 16800
1773995503468 1186.7845458984375 17600
1773995590489 1186.662109375 18400
1773995676145 1185.6072998046875 19200
1773995761554 1185.9146728515625 20000
1773995847002 1172.9654541015625 20800
1773995934380 1180.115234375 21600
1773996021549 1174.958740234375 22400
1773996111954 1175.305419921875 23200
1773996197497 1180.0899658203125 24000
1773996283296 1170.354248046875 24800
1773996370904 1178.56396484375 25600
1773996458083 1177.5118408203125 26400
1773996545665 1172.042236328125 27200
1773996633155 1164.417236328125 28000
1773996721424 1172.112060546875 28800
1773996806996 1181.3016357421875 29600
1773996894620 1182.1666259765625 30400
1773996982993 1180.1614990234375 31200
1773997070479 1189.16015625 32000
1773997156404 1197.1064453125 32800
1773997243879 1190.8795166015625 33600
1773997331672 1180.0511474609375 34400
1773997420299 1189.618896484375 35200
1773997507945 1176.7703857421875 36000
1773997595723 1185.551025390625 36800
1773997682156 1175.7379150390625 37600
1773997773245 1159.713623046875 38400
1773997863835 1164.0439453125 39200
1773997951626 1169.7158203125 40000
1773998039429 1173.8929443359375 40800
1773998130822 1170.4578857421875 41600
1773998217083 1174.471435546875 42400
1773998305010 1171.05126953125 43200
1773998393731 1175.5335693359375 44000
1773998480061 1163.3876953125 44800
1773998568133 1166.07275390625 45600
1773998657036 1170.642822265625 46400
1773998744816 1163.1259765625 47200
1773998840613 1176.9356689453125 48000
1773998939313 1175.857177734375 48800
1773999040628 1165.706298828125 49600
1773999134538 1168.248046875 50400
1773999228134 1165.5582275390625 51200
1773999323419 1169.664306640625 52000
1773999418757 1171.44580078125 52800
1773999514153 1155.4317626953125 53600
1773999608072 1165.890625 54400
1773999703556 1160.0523681640625 55200
1773999799379 1170.8809814453125 56000
1773999894862 1165.462890625 56800
1773999991597 1165.49658203125 57600
1774000087595 1165.4456787109375 58400
1774000181551 1176.3316650390625 59200
1774000275834 1160.8236083984375 60000
1774000371812 1161.48388671875 60800
1774000471056 1162.491455078125 61600
1774000567107 1156.4827880859375 62400
1774000661287 1153.2296142578125 63200
1774000760398 1161.9774169921875 64000
1774000856618 1162.6075439453125 64800
1774000953638 1156.8297119140625 65600
1774001047876 1157.6922607421875 66400
1774001147241 1171.9202880859375 67200
1774001241937 1174.6861572265625 68000
1774001337927 1171.3560791015625 68800
1774001434847 1170.6656494140625 69600
1774001531222 1166.51123046875 70400
1774001627366 1168.480224609375 71200
1774001721873 1162.8134765625 72000
1774001818044 1157.6798095703125 72800
1774001914303 1151.5416259765625 73600
1774002009156 1152.247314453125 74400
1774002108919 1157.6197509765625 75200
1774002205437 1154.61083984375 76000
1774002302988 1152.0948486328125 76800
1774002397689 1155.9415283203125 77600
1774002495276 1154.1983642578125 78400
1774002591705 1164.1583251953125 79200
1774002689280 1160.2537841796875 80000
1774002789191 1159.5252685546875 80800
1774002883956 1166.9227294921875 81600
1774002978282 1162.3623046875 82400
1774003067190 1157.8897705078125 83200
1774003154475 1154.823974609375 84000
1774003243605 1154.8056640625 84800
1774003335839 1160.1817626953125 85600
1774003423414 1157.1461181640625 86400
1774003512436 1159.3690185546875 87200
1774003599921 1161.3642578125 88000
1774003690233 1169.448486328125 88800
1774003779697 1162.741943359375 89600
1774003872410 1170.56298828125 90400
1774003961783 1166.4954833984375 91200
1774004051143 1169.3870849609375 92000
1774004140403 1167.604736328125 92800
1774004229903 1172.9012451171875 93600
1774004319498 1166.3963623046875 94400
1774004408576 1169.31591796875 95200
1774004497862 1170.53955078125 96000
1774004588116 1163.1121826171875 96800
1774004678271 1161.43212890625 97600
1774004768933 1159.6514892578125 98400
1774004858451 1167.977294921875 99200
1774004948793 1169.3656005859375 100000
1774005038539 1160.98779296875 100800
1774005128351 1167.0458984375 101600
1774005216229 1165.054931640625 102400
1774005306248 1159.17578125 103200
1774005394318 1157.5521240234375 104000
1774005483879 1156.6800537109375 104800
1774005573872 1160.9058837890625 105600
1774005662054 1165.478759765625 106400
1774005751490 1156.972900390625 107200
1774005839606 1156.2249755859375 108000
1774005932552 1166.268310546875 108800
1774006022379 1162.650146484375 109600
1774006112246 1157.330810546875 110400
1774006200498 1160.122802734375 111200
1774006288812 1166.2301025390625 112000
1774006377173 1161.151123046875 112800
1774006468061 1161.3656005859375 113600
1774006558173 1160.1817626953125 114400
1774006648041 1165.34228515625 115200
1774006736450 1169.3494873046875 116000
1774006826429 1171.310302734375 116800
1774006916598 1162.4886474609375 117600
1774007005183 1167.4256591796875 118400
1774007093759 1160.6021728515625 119200
1774007183262 1162.566650390625 120000
1774007274459 1177.913818359375 120800
1774007365105 1175.3201904296875 121600
1774007460243 1165.2257080078125 122400
1774007561246 1158.672607421875 123200
1774007659300 1158.0950927734375 124000
1774007755589 1161.221435546875 124800
1774007853340 1163.86328125 125600
1774007951269 1167.7144775390625 126400
1774008047795 1166.4078369140625 127200
1774008143781 1160.887939453125 128000
1774008242454 1162.5284423828125 128800
1774008340644 1162.377197265625 129600
1774008437134 1167.941162109375 130400
1774008535329 1167.7576904296875 131200
1774008638548 1166.1180419921875 132000
1774008735090 1173.0955810546875 132800
1774008834661 1168.5516357421875 133600
1774008933145 1175.3172607421875 134400
1774009030591 1164.5469970703125 135200
1774009127567 1166.5286865234375 136000
1774009225172 1166.36083984375 136800
1774009322286 1168.2889404296875 137600
1774009420940 1165.0582275390625 138400
1774009518273 1163.6787109375 139200
1774009615475 1169.67431640625 140000
1774009715390 1165.48974609375 140800
1774009815410 1167.7603759765625 141600
1774009913294 1164.6845703125 142400
1774010010715 1166.343017578125 143200
1774010109989 1167.2724609375 144000
1774010212541 1165.4150390625 144800
1774010309901 1164.8575439453125 145600
1774010407260 1164.0244140625 146400
1774010509369 1172.1064453125 147200
1774010611300 1165.9573974609375 148000
1774010713311 1166.66845703125 148800
1774010818976 1170.0009765625 149600
1774010925866 1165.25048828125 150400
