1773993602796 -0.0029517286457121372 800
1773993699234 -0.0017660813173279166 1600
1773993793960 -0.00014038613880984485 2400
1773993891158 0.0010483848163858056 3200
1773993983586 0.0027374024502933025 4000
1773994077429 0.004315744154155254 4800
1773994174442 0.005897635128349066 5600
1773994268346 0.007124828174710274 6400
1773994362285 0.008600857108831406 7200
1773994454604 0.009904025122523308 8000
1773994542871 0.011376089416444302 8800
1773994630737 0.011792474426329136 9600
1773994717257 0.01262249331921339 10400
1773994803949 0.013293218798935413 11200
1773994891765 0.01386457309126854 12000
1773994978456 0.014719963073730469 12800
1773995064361 0.014948835596442223 13600
1773995154597 0.015124296769499779 14400
1773995244759 0.01543000154197216 15200
1773995331409 0.015940818935632706 16000
1773995418136 0.01607884280383587 16800
1773995503468 0.01670323684811592 17600
1773995590489 0.016582470387220383 18400
1773995676145 0.01691606268286705 19200
1773995761554 0.017308281734585762 20000
1773995847002 0.017241718247532845 20800
1773995934380 0.017440371215343475 21600
1773996021549 0.017637867480516434 22400
1773996111954 0.017960334196686745 23200
1773996197497 0.01811341382563114 24000
1773996283296 0.018144261091947556 24800
1773996370904 0.018554333597421646 25600
1773996458083 0.018953746184706688 26400
1773996545665 0.01933909021317959 27200
1773996633155 0.019251560792326927 28000
1773996721424 0.01928786188364029 28800
1773996806996 0.019495714455842972 29600
1773996894620 0.019824830815196037 30400
1773996982993 0.02000315487384796 31200
1773997070479 0.020128387957811356 32000
1773997156404 0.02077585831284523 32800
1773997243879 0.020590942353010178 33600
1773997331672 0.020618509501218796 34400
1773997420299 0.02064608410000801 35200
1773997507945 0.020827408879995346 36000
1773997595723 0.021080337464809418 36800
1773997682156 0.021454833447933197 37600
1773997773245 0.021705035120248795 38400
1773997863835 0.022135118022561073 39200
1773997951626 0.02241414226591587 40000
1773998039429 0.022765083238482475 40800
1773998130822 0.02296283282339573 41600
1773998217083 0.022926822304725647 42400
1773998305010 0.02280501462519169 43200
1773998393731 0.023333968594670296 44000
1773998480061 0.023291029036045074 44800
1773998568133 0.023417437449097633 45600
1773998657036 0.02350686304271221 46400
1773998744816 0.023524822667241096 47200
1773998840613 0.02356676571071148 48000
1773998939313 0.023764245212078094 48800
1773999040628 0.023781875148415565 49600
1773999134538 0.024022236466407776 50400
1773999228134 0.02401771768927574 51200
1773999323419 0.024727284908294678 52000
1773999418757 0.024927714839577675 52800
1773999514153 0.024958796799182892 53600
1773999608072 0.02524568699300289 54400
1773999703556 0.025304973125457764 55200
1773999799379 0.025610461831092834 56000
1773999894862 0.025752397254109383 56800
1773999991597 0.02590128593146801 57600
1774000087595 0.02608502469956875 58400
1774000181551 0.02651074528694153 59200
1774000275834 0.02647104486823082 60000
1774000371812 0.026481911540031433 60800
1774000471056 0.026577504351735115 61600
1774000567107 0.026743244379758835 62400
1774000661287 0.02650173008441925 63200
1774000760398 0.026836348697543144 64000
1774000856618 0.02690216153860092 64800
1774000953638 0.02702927030622959 65600
1774001047876 0.02692548558115959 66400
1774001147241 0.02705307863652706 67200
1774001241937 0.02619701810181141 68000
1774001337927 0.026038771495223045 68800
1774001434847 0.026463795453310013 69600
1774001531222 0.026434870436787605 70400
1774001627366 0.0265338234603405 71200
1774001721873 0.026613138616085052 72000
1774001818044 0.026467852294445038 72800
1774001914303 0.02636404149234295 73600
1774002009156 0.026558449491858482 74400
1774002108919 0.02701195515692234 75200
1774002205437 0.02689930610358715 76000
1774002302988 0.026988472789525986 76800
1774002397689 0.026786742731928825 77600
1774002495276 0.026540512219071388 78400
1774002591705 0.026807384565472603 79200
1774002689280 0.026878464967012405 80000
1774002789191 0.027063874527812004 80800
1774002883956 0.0275544673204422 81600
1774002978282 0.027384234592318535 82400
1774003067190 0.027571050450205803 83200
1774003154475 0.027489345520734787 84000
1774003243605 0.027166666463017464 84800
1774003335839 0.027202636003494263 85600
1774003423414 0.02671942487359047 86400
1774003512436 0.027169890701770782 87200
1774003599921 0.027310984209179878 88000
1774003690233 0.027227701619267464 88800
1774003779697 0.027227330952882767 89600
1774003872410 0.02685064636170864 90400
1774003961783 0.026627397164702415 91200
1774004051143 0.0270814411342144 92000
1774004140403 0.026924878358840942 92800
1774004229903 0.02715592086315155 93600
1774004319498 0.027043918147683144 94400
1774004408576 0.026971913874149323 95200
1774004497862 0.027022724971175194 96000
1774004588116 0.026348762214183807 96800
1774004678271 0.026501867920160294 97600
1774004768933 0.0262275580316782 98400
1774004858451 0.026119418442249298 99200
1774004948793 0.02611042745411396 100000
1774005038539 0.026064615696668625 100800
1774005128351 0.02617538347840309 101600
1774005216229 0.02657623030245304 102400
1774005306248 0.026254210621118546 103200
1774005394318 0.025708355009555817 104000
1774005483879 0.02531314641237259 104800
1774005573872 0.02571060322225094 105600
1774005662054 0.02581067383289337 106400
1774005751490 0.025821812450885773 107200
1774005839606 0.025601383298635483 108000
1774005932552 0.02543707564473152 108800
1774006022379 0.02525627799332142 109600
1774006112246 0.025346549227833748 110400
1774006200498 0.02536740154027939 111200
1774006288812 0.02525973878800869 112000
1774006377173 0.024908844381570816 112800
1774006468061 0.02473551593720913 113600
1774006558173 0.024459801614284515 114400
1774006648041 0.024486098438501358 115200
1774006736450 0.024499833583831787 116000
1774006826429 0.024382300674915314 116800
1774006916598 0.024247558787465096 117600
1774007005183 0.02378533035516739 118400
1774007093759 0.024181729182600975 119200
1774007183262 0.024208594113588333 120000
1774007274459 0.024868303909897804 120800
1774007365105 0.024481046944856644 121600
1774007460243 0.024147391319274902 122400
1774007561246 0.024341123178601265 123200
1774007659300 0.024145953357219696 124000
1774007755589 0.024457788094878197 124800
1774007853340 0.023959930986166 125600
1774007951269 0.023918626829981804 126400
1774008047795 0.023786969482898712 127200
1774008143781 0.02384163625538349 128000
1774008242454 0.023624397814273834 128800
1774008340644 0.023803548887372017 129600
1774008437134 0.02402333728969097 130400
1774008535329 0.024153150618076324 131200
1774008638548 0.023931527510285378 132000
1774008735090 0.024080300703644753 132800
1774008834661 0.024003077298402786 133600
1774008933145 0.024164939299225807 134400
1774009030591 0.023970363661646843 135200
1774009127567 0.02356724999845028 136000
1774009225172 0.023421982303261757 136800
1774009322286 0.023157581686973572 137600
1774009420940 0.023128952831029892 138400
1774009518273 0.023050377145409584 139200
1774009615475 0.02316630631685257 140000
1774009715390 0.02282879129052162 140800
1774009815410 0.0226261168718338 141600
1774009913294 0.022741373628377914 142400
1774010010715 0.022319180890917778 143200
1774010109989 0.02212316356599331 144000
1774010212541 0.022212976589798927 144800
1774010309901 0.022576577961444855 145600
1774010407260 0.022023281082510948 146400
1774010509369 0.021917367354035378 147200
1774010611300 0.02188739739358425 148000
1774010713311 0.02188677154481411 148800
1774010818976 0.021733799949288368 149600
1774010925866 0.021387984976172447 150400
