1773993602796 99.82772827148438 800
1773993699234 99.82781219482422 1600
1773993793960 99.83020782470703 2400
1773993891158 99.83001708984375 3200
1773993983586 99.8341293334961 4000
1773994077429 99.83383178710938 4800
1773994174442 99.83538055419922 5600
1773994268346 99.8345947265625 6400
1773994362285 99.83409118652344 7200
1773994454604 99.83282470703125 8000
1773994542871 99.83313751220703 8800
1773994630737 99.83240509033203 9600
1773994717257 99.83159637451172 10400
1773994803949 99.82954406738281 11200
1773994891765 99.82874298095703 12000
1773994978456 99.8270492553711 12800
1773995064361 99.82640075683594 13600
1773995154597 99.82563018798828 14400
1773995244759 99.82489013671875 15200
1773995331409 99.82401275634766 16000
1773995418136 99.82329559326172 16800
1773995503468 99.82148742675781 17600
1773995590489 99.8226318359375 18400
1773995676145 99.82131958007812 19200
1773995761554 99.81946563720703 20000
1773995847002 99.82161712646484 20800
1773995934380 99.8192367553711 21600
1773996021549 99.81890869140625 22400
1773996111954 99.81891632080078 23200
1773996197497 99.81961822509766 24000
1773996283296 99.82201385498047 24800
1773996370904 99.82080078125 25600
1773996458083 99.81977081298828 26400
1773996545665 99.82015228271484 27200
1773996633155 99.8186264038086 28000
1773996721424 99.81877136230469 28800
1773996806996 99.81822967529297 29600
1773996894620 99.81876373291016 30400
1773996982993 99.81858825683594 31200
1773997070479 99.81736755371094 32000
1773997156404 99.81592559814453 32800
1773997243879 99.81690979003906 33600
1773997331672 99.81927490234375 34400
1773997420299 99.8178482055664 35200
1773997507945 99.81764221191406 36000
1773997595723 99.81603240966797 36800
1773997682156 99.81620788574219 37600
1773997773245 99.81781005859375 38400
1773997863835 99.81676483154297 39200
1773997951626 99.81597900390625 40000
1773998039429 99.81578063964844 40800
1773998130822 99.8168716430664 41600
1773998217083 99.81616973876953 42400
1773998305010 99.81666564941406 43200
1773998393731 99.81614685058594 44000
1773998480061 99.81844329833984 44800
1773998568133 99.81647491455078 45600
1773998657036 99.81361389160156 46400
1773998744816 99.81461334228516 47200
1773998840613 99.81249237060547 48000
1773998939313 99.81404113769531 48800
1773999040628 99.81399536132812 49600
1773999134538 99.81471252441406 50400
1773999228134 99.8134994506836 51200
1773999323419 99.81340026855469 52000
1773999418757 99.81340026855469 52800
1773999514153 99.8145751953125 53600
1773999608072 99.81222534179688 54400
1773999703556 99.81321716308594 55200
1773999799379 99.81180572509766 56000
1773999894862 99.81272888183594 56800
1773999991597 99.81216430664062 57600
1774000087595 99.81131744384766 58400
1774000181551 99.80960845947266 59200
1774000275834 99.81078338623047 60000
1774000371812 99.8113021850586 60800
1774000471056 99.80879974365234 61600
1774000567107 99.80821228027344 62400
1774000661287 99.80896759033203 63200
1774000760398 99.80777740478516 64000
1774000856618 99.80813598632812 64800
1774000953638 99.8092269897461 65600
1774001047876 99.80819702148438 66400
1774001147241 99.80712890625 67200
1774001241937 99.80715942382812 68000
1774001337927 99.80815887451172 68800
1774001434847 99.80767059326172 69600
1774001531222 99.80633544921875 70400
1774001627366 99.80560302734375 71200
1774001721873 99.80632781982422 72000
1774001818044 99.80592346191406 72800
1774001914303 99.80756378173828 73600
1774002009156 99.80620574951172 74400
1774002108919 99.80560302734375 75200
1774002205437 99.80630493164062 76000
1774002302988 99.80651092529297 76800
1774002397689 99.80548858642578 77600
1774002495276 99.80541229248047 78400
1774002591705 99.80461883544922 79200
1774002689280 99.8054428100586 80000
1774002789191 99.80557250976562 80800
1774002883956 99.80445098876953 81600
1774002978282 99.80603790283203 82400
1774003067190 99.80795288085938 83200
1774003154475 99.80689239501953 84000
1774003243605 99.80647277832031 84800
1774003335839 99.80592346191406 85600
1774003423414 99.80560302734375 86400
1774003512436 99.80589294433594 87200
1774003599921 99.80406188964844 88000
1774003690233 99.80439758300781 88800
1774003779697 99.80543518066406 89600
1774003872410 99.80439758300781 90400
1774003961783 99.80522918701172 91200
1774004051143 99.804443359375 92000
1774004140403 99.80433654785156 92800
1774004229903 99.80411529541016 93600
1774004319498 99.8056411743164 94400
1774004408576 99.80579376220703 95200
1774004497862 99.80366516113281 96000
1774004588116 99.80450439453125 96800
1774004678271 99.80371856689453 97600
1774004768933 99.8047103881836 98400
1774004858451 99.80155181884766 99200
1774004948793 99.80309295654297 100000
1774005038539 99.80504608154297 100800
1774005128351 99.80134582519531 101600
1774005216229 99.80230712890625 102400
1774005306248 99.80309295654297 103200
1774005394318 99.80323028564453 104000
1774005483879 99.8036117553711 104800
1774005573872 99.8032455444336 105600
1774005662054 99.80183410644531 106400
1774005751490 99.8043212890625 107200
1774005839606 99.80421447753906 108000
1774005932552 99.80137634277344 108800
1774006022379 99.80176544189453 109600
1774006112246 99.80162048339844 110400
1774006200498 99.80210876464844 111200
1774006288812 99.80013275146484 112000
1774006377173 99.80152893066406 112800
1774006468061 99.8022689819336 113600
1774006558173 99.8000717163086 114400
1774006648041 99.7987060546875 115200
1774006736450 99.8000259399414 116000
1774006826429 99.79936218261719 116800
1774006916598 99.80194854736328 117600
1774007005183 99.79910278320312 118400
1774007093759 99.79981231689453 119200
1774007183262 99.79920959472656 120000
1774007274459 99.79949951171875 120800
1774007365105 99.79879760742188 121600
1774007460243 99.7991714477539 122400
1774007561246 99.7995834350586 123200
1774007659300 99.79994201660156 124000
1774007755589 99.80121612548828 124800
1774007853340 99.79963684082031 125600
1774007951269 99.7994613647461 126400
1774008047795 99.79925537109375 127200
1774008143781 99.79959869384766 128000
1774008242454 99.79875946044922 128800
1774008340644 99.79986572265625 129600
1774008437134 99.79894256591797 130400
1774008535329 99.79963684082031 131200
1774008638548 99.79896545410156 132000
1774008735090 99.79690551757812 132800
1774008834661 99.79815673828125 133600
1774008933145 99.79820251464844 134400
1774009030591 99.80016326904297 135200
1774009127567 99.79891967773438 136000
1774009225172 99.79969787597656 136800
1774009322286 99.79813385009766 137600
1774009420940 99.798583984375 138400
1774009518273 99.79815673828125 139200
1774009615475 99.79629516601562 140000
1774009715390 99.79631805419922 140800
1774009815410 99.7966079711914 141600
1774009913294 99.79802703857422 142400
1774010010715 99.79591369628906 143200
1774010109989 99.79505157470703 144000
1774010212541 99.7975082397461 144800
1774010309901 99.79833984375 145600
1774010407260 99.79598236083984 146400
1774010509369 99.79474639892578 147200
1774010611300 99.79491424560547 148000
1774010713311 99.79682922363281 148800
1774010818976 99.79584503173828 149600
1774010925866 99.79452514648438 150400
