1773993602796 0.9960117340087891 800
1773993699234 0.9960788488388062 1600
1773993793960 0.9964317083358765 2400
1773993891158 0.9967645406723022 3200
1773993983586 0.9974108934402466 4000
1773994077429 0.9977393746376038 4800
1773994174442 0.9984082579612732 5600
1773994268346 0.998953104019165 6400
1773994362285 0.9994726777076721 7200
1773994454604 1.000161051750183 8000
1773994542871 1.0007816553115845 8800
1773994630737 1.001502513885498 9600
1773994717257 1.0023037195205688 10400
1773994803949 1.0028295516967773 11200
1773994891765 1.0036154985427856 12000
1773994978456 1.0040701627731323 12800
1773995064361 1.004870057106018 13600
1773995154597 1.005615472793579 14400
1773995244759 1.0061111450195312 15200
1773995331409 1.0068731307983398 16000
1773995418136 1.0080918073654175 16800
1773995503468 1.0091434717178345 17600
1773995590489 1.0103477239608765 18400
1773995676145 1.0110374689102173 19200
1773995761554 1.0114142894744873 20000
1773995847002 1.0119705200195312 20800
1773995934380 1.0125640630722046 21600
1773996021549 1.0128769874572754 22400
1773996111954 1.0132941007614136 23200
1773996197497 1.0139340162277222 24000
1773996283296 1.0142253637313843 24800
1773996370904 1.014661431312561 25600
1773996458083 1.014957070350647 26400
1773996545665 1.0150736570358276 27200
1773996633155 1.015183925628662 28000
1773996721424 1.0154800415039062 28800
1773996806996 1.0157763957977295 29600
1773996894620 1.0158730745315552 30400
1773996982993 1.0158720016479492 31200
1773997070479 1.0162224769592285 32000
1773997156404 1.0164217948913574 32800
1773997243879 1.016413927078247 33600
1773997331672 1.016319751739502 34400
1773997420299 1.0164862871170044 35200
1773997507945 1.016295313835144 36000
1773997595723 1.0164780616760254 36800
1773997682156 1.016374111175537 37600
1773997773245 1.01612389087677 38400
1773997863835 1.0162208080291748 39200
1773997951626 1.0163800716400146 40000
1773998039429 1.0164071321487427 40800
1773998130822 1.0163588523864746 41600
1773998217083 1.0164445638656616 42400
1773998305010 1.0163975954055786 43200
1773998393731 1.0164763927459717 44000
1773998480061 1.016322374343872 44800
1773998568133 1.0163402557373047 45600
1773998657036 1.0164244174957275 46400
1773998744816 1.0162866115570068 47200
1773998840613 1.0164508819580078 48000
1773998939313 1.0164663791656494 48800
1773999040628 1.016257405281067 49600
1773999134538 1.0163058042526245 50400
1773999228134 1.0162417888641357 51200
1773999323419 1.016257643699646 52000
1773999418757 1.0162394046783447 52800
1773999514153 1.0159415006637573 53600
1773999608072 1.0161049365997314 54400
1773999703556 1.016005277633667 55200
1773999799379 1.0161232948303223 56000
1773999894862 1.0160024166107178 56800
1773999991597 1.0160266160964966 57600
1774000087595 1.0159902572631836 58400
1774000181551 1.0161552429199219 59200
1774000275834 1.0159410238265991 60000
1774000371812 1.0159053802490234 60800
1774000471056 1.0159175395965576 61600
1774000567107 1.0158007144927979 62400
1774000661287 1.015740990638733 63200
1774000760398 1.015821099281311 64000
1774000856618 1.0157890319824219 64800
1774000953638 1.015661358833313 65600
1774001047876 1.0156545639038086 66400
1774001147241 1.015836238861084 67200
1774001241937 1.0158343315124512 68000
1774001337927 1.0157486200332642 68800
1774001434847 1.0156711339950562 69600
1774001531222 1.0155311822891235 70400
1774001627366 1.0154675245285034 71200
1774001721873 1.0153090953826904 72000
1774001818044 1.0152578353881836 72800
1774001914303 1.0150904655456543 73600
1774002009156 1.015129566192627 74400
1774002108919 1.015184998512268 75200
1774002205437 1.0150407552719116 76000
1774002302988 1.0150315761566162 76800
1774002397689 1.0150400400161743 77600
1774002495276 1.0149765014648438 78400
1774002591705 1.0150948762893677 79200
1774002689280 1.0148792266845703 80000
1774002789191 1.014858365058899 80800
1774002883956 1.014885663986206 81600
1774002978282 1.014765977859497 82400
1774003067190 1.0145349502563477 83200
1774003154475 1.0145169496536255 84000
1774003243605 1.0145167112350464 84800
1774003335839 1.0146377086639404 85600
1774003423414 1.0144776105880737 86400
1774003512436 1.014382243156433 87200
1774003599921 1.0144096612930298 88000
1774003690233 1.0143675804138184 88800
1774003779697 1.0142046213150024 89600
1774003872410 1.0143113136291504 90400
1774003961783 1.014221429824829 91200
1774004051143 1.0142148733139038 92000
1774004140403 1.0141668319702148 92800
1774004229903 1.0142301321029663 93600
1774004319498 1.0140019655227661 94400
1774004408576 1.0140048265457153 95200
1774004497862 1.0140173435211182 96000
1774004588116 1.013803482055664 96800
1774004678271 1.0137487649917603 97600
1774004768933 1.0135771036148071 98400
1774004858451 1.0138019323349 99200
1774004948793 1.0137296915054321 100000
1774005038539 1.0135554075241089 100800
1774005128351 1.0137349367141724 101600
1774005216229 1.0135774612426758 102400
1774005306248 1.013442039489746 103200
1774005394318 1.0134186744689941 104000
1774005483879 1.0133851766586304 104800
1774005573872 1.01334810256958 105600
1774005662054 1.0133914947509766 106400
1774005751490 1.0131810903549194 107200
1774005839606 1.0130831003189087 108000
1774005932552 1.0132954120635986 108800
1774006022379 1.0131436586380005 109600
1774006112246 1.0129141807556152 110400
1774006200498 1.0129040479660034 111200
1774006288812 1.0129786729812622 112000
1774006377173 1.0126960277557373 112800
1774006468061 1.0126769542694092 113600
1774006558173 1.0126656293869019 114400
1774006648041 1.0128118991851807 115200
1774006736450 1.012859582901001 116000
1774006826429 1.0128291845321655 116800
1774006916598 1.0125386714935303 117600
1774007005183 1.0126535892486572 118400
1774007093759 1.0125614404678345 119200
1774007183262 1.0125337839126587 120000
1774007274459 1.0126979351043701 120800
1774007365105 1.0126210451126099 121600
1774007460243 1.0123742818832397 122400
1774007561246 1.0121787786483765 123200
1774007659300 1.012133002281189 124000
1774007755589 1.0121946334838867 124800
1774007853340 1.0122448205947876 125600
1774007951269 1.0122578144073486 126400
1774008047795 1.012183666229248 127200
1774008143781 1.0118929147720337 128000
1774008242454 1.0119174718856812 128800
1774008340644 1.0118796825408936 129600
1774008437134 1.0119799375534058 130400
1774008535329 1.0119297504425049 131200
1774008638548 1.0117878913879395 132000
1774008735090 1.0119080543518066 132800
1774008834661 1.0117160081863403 133600
1774008933145 1.0117628574371338 134400
1774009030591 1.0114637613296509 135200
1774009127567 1.0114665031433105 136000
1774009225172 1.0113935470581055 136800
1774009322286 1.0114004611968994 137600
1774009420940 1.0112384557724 138400
1774009518273 1.011102557182312 139200
1774009615475 1.0112847089767456 140000
1774009715390 1.0112909078598022 140800
1774009815410 1.0112534761428833 141600
1774009913294 1.011000156402588 142400
1774010010715 1.0110957622528076 143200
1774010109989 1.0109833478927612 144000
1774010212541 1.0107511281967163 144800
1774010309901 1.0107154846191406 145600
1774010407260 1.0108306407928467 146400
1774010509369 1.010972261428833 147200
1774010611300 1.010724425315857 148000
1774010713311 1.0106043815612793 148800
1774010818976 1.010672926902771 149600
1774010925866 1.010567307472229 150400
