1773993602796 0.9963018298149109 800
1773993699234 0.9967231750488281 1600
1773993793960 0.9969540238380432 2400
1773993891158 0.9971480369567871 3200
1773993983586 0.9978048205375671 4000
1773994077429 0.9983506798744202 4800
1773994174442 0.9991105794906616 5600
1773994268346 0.9993508458137512 6400
1773994362285 0.9993404746055603 7200
1773994454604 0.9994310140609741 8000
1773994542871 0.9996811151504517 8800
1773994630737 1.000167727470398 9600
1773994717257 1.0002694129943848 10400
1773994803949 1.0003257989883423 11200
1773994891765 1.0007156133651733 12000
1773994978456 1.0012017488479614 12800
1773995064361 1.0015052556991577 13600
1773995154597 1.0016121864318848 14400
1773995244759 1.0021384954452515 15200
1773995331409 1.002267599105835 16000
1773995418136 1.0025972127914429 16800
1773995503468 1.0026260614395142 17600
1773995590489 1.003032922744751 18400
1773995676145 1.0028965473175049 19200
1773995761554 1.0030992031097412 20000
1773995847002 1.0034213066101074 20800
1773995934380 1.0037873983383179 21600
1773996021549 1.0039489269256592 22400
1773996111954 1.0037126541137695 23200
1773996197497 1.0040494203567505 24000
1773996283296 1.0042420625686646 24800
1773996370904 1.0042366981506348 25600
1773996458083 1.0043424367904663 26400
1773996545665 1.004560112953186 27200
1773996633155 1.0044913291931152 28000
1773996721424 1.004624843597412 28800
1773996806996 1.0048730373382568 29600
1773996894620 1.00520920753479 30400
1773996982993 1.0051230192184448 31200
1773997070479 1.005159616470337 32000
1773997156404 1.0050331354141235 32800
1773997243879 1.0049676895141602 33600
1773997331672 1.005602478981018 34400
1773997420299 1.0057111978530884 35200
1773997507945 1.0059183835983276 36000
1773997595723 1.0058354139328003 36800
1773997682156 1.0058916807174683 37600
1773997773245 1.0059024095535278 38400
1773997863835 1.006013035774231 39200
1773997951626 1.0061452388763428 40000
1773998039429 1.0063319206237793 40800
1773998130822 1.0067200660705566 41600
1773998217083 1.0068823099136353 42400
1773998305010 1.0071454048156738 43200
1773998393731 1.007411003112793 44000
1773998480061 1.007839560508728 44800
1773998568133 1.0077391862869263 45600
1773998657036 1.0076231956481934 46400
1773998744816 1.0081132650375366 47200
1773998840613 1.008082389831543 48000
1773998939313 1.0085848569869995 48800
1773999040628 1.0085816383361816 49600
1773999134538 1.0087807178497314 50400
1773999228134 1.0086851119995117 51200
1773999323419 1.008718490600586 52000
1773999418757 1.0088226795196533 52800
1773999514153 1.0089870691299438 53600
1773999608072 1.008905291557312 54400
1773999703556 1.0090330839157104 55200
1773999799379 1.009016752243042 56000
1773999894862 1.0092664957046509 56800
1773999991597 1.0095529556274414 57600
1774000087595 1.009584665298462 58400
1774000181551 1.009381890296936 59200
1774000275834 1.0095252990722656 60000
1774000371812 1.0097936391830444 60800
1774000471056 1.0096944570541382 61600
1774000567107 1.009542465209961 62400
1774000661287 1.0096197128295898 63200
1774000760398 1.0096548795700073 64000
1774000856618 1.0099096298217773 64800
1774000953638 1.0099704265594482 65600
1774001047876 1.0102523565292358 66400
1774001147241 1.0103892087936401 67200
1774001241937 1.0106827020645142 68000
1774001337927 1.0108047723770142 68800
1774001434847 1.0108063220977783 69600
1774001531222 1.0106528997421265 70400
1774001627366 1.010590672492981 71200
1774001721873 1.0106697082519531 72000
1774001818044 1.0105421543121338 72800
1774001914303 1.0107402801513672 73600
1774002009156 1.0105217695236206 74400
1774002108919 1.0106145143508911 75200
1774002205437 1.0107287168502808 76000
1774002302988 1.0107063055038452 76800
1774002397689 1.0108723640441895 77600
1774002495276 1.010946273803711 78400
1774002591705 1.0110379457473755 79200
1774002689280 1.0112000703811646 80000
1774002789191 1.0111923217773438 80800
1774002883956 1.0111119747161865 81600
1774002978282 1.011350154876709 82400
1774003067190 1.0114991664886475 83200
1774003154475 1.0113577842712402 84000
1774003243605 1.0115305185317993 84800
1774003335839 1.0116790533065796 85600
1774003423414 1.0117273330688477 86400
1774003512436 1.011909008026123 87200
1774003599921 1.0117210149765015 88000
1774003690233 1.0120137929916382 88800
1774003779697 1.01204252243042 89600
1774003872410 1.012026309967041 90400
1774003961783 1.0120902061462402 91200
1774004051143 1.012099027633667 92000
1774004140403 1.0120567083358765 92800
1774004229903 1.012187123298645 93600
1774004319498 1.0123385190963745 94400
1774004408576 1.0124820470809937 95200
1774004497862 1.0121781826019287 96000
1774004588116 1.0122175216674805 96800
1774004678271 1.0121992826461792 97600
1774004768933 1.0123827457427979 98400
1774004858451 1.012152910232544 99200
1774004948793 1.0125293731689453 100000
1774005038539 1.0125980377197266 100800
1774005128351 1.012062430381775 101600
1774005216229 1.0121989250183105 102400
1774005306248 1.0121132135391235 103200
1774005394318 1.0120174884796143 104000
1774005483879 1.0120177268981934 104800
1774005573872 1.0119783878326416 105600
1774005662054 1.01168954372406 106400
1774005751490 1.011846661567688 107200
1774005839606 1.011751413345337 108000
1774005932552 1.0113621950149536 108800
1774006022379 1.0115479230880737 109600
1774006112246 1.011313557624817 110400
1774006200498 1.0115071535110474 111200
1774006288812 1.0113857984542847 112000
1774006377173 1.0114939212799072 112800
1774006468061 1.0114800930023193 113600
1774006558173 1.011198878288269 114400
1774006648041 1.0110149383544922 115200
1774006736450 1.0111230611801147 116000
1774006826429 1.0110499858856201 116800
1774006916598 1.0114811658859253 117600
1774007005183 1.0114600658416748 118400
1774007093759 1.0110665559768677 119200
1774007183262 1.010827898979187 120000
1774007274459 1.0111435651779175 120800
1774007365105 1.0110896825790405 121600
1774007460243 1.0109379291534424 122400
1774007561246 1.0109801292419434 123200
1774007659300 1.011107087135315 124000
1774007755589 1.0114359855651855 124800
1774007853340 1.011509656906128 125600
1774007951269 1.0115331411361694 126400
1774008047795 1.011411190032959 127200
1774008143781 1.0112040042877197 128000
1774008242454 1.011161208152771 128800
1774008340644 1.011489748954773 129600
1774008437134 1.011500358581543 130400
1774008535329 1.011511206626892 131200
1774008638548 1.011522889137268 132000
1774008735090 1.0112947225570679 132800
1774008834661 1.0112024545669556 133600
1774008933145 1.011295199394226 134400
1774009030591 1.01112961769104 135200
1774009127567 1.011046051979065 136000
1774009225172 1.011301040649414 136800
1774009322286 1.0113855600357056 137600
1774009420940 1.011336326599121 138400
1774009518273 1.0114928483963013 139200
1774009615475 1.0112782716751099 140000
1774009715390 1.0111523866653442 140800
1774009815410 1.011232852935791 141600
1774009913294 1.0114037990570068 142400
1774010010715 1.0112969875335693 143200
1774010109989 1.011109471321106 144000
1774010212541 1.01134192943573 144800
1774010309901 1.0114692449569702 145600
1774010407260 1.0112717151641846 146400
1774010509369 1.0111992359161377 147200
1774010611300 1.0112340450286865 148000
1774010713311 1.0113402605056763 148800
1774010818976 1.011379361152649 149600
1774010925866 1.0112210512161255 150400
