1773993602796 0.0 800
1773993699234 0.0 1600
1773993793960 0.0 2400
1773993891158 0.0 3200
1773993983586 0.0 4000
1773994077429 0.0 4800
1773994174442 0.0 5600
1773994268346 0.0 6400
1773994362285 0.0 7200
1773994454604 0.0 8000
1773994542871 0.0 8800
1773994630737 0.0 9600
1773994717257 0.0 10400
1773994803949 0.0 11200
1773994891765 0.0 12000
1773994978456 0.0 12800
1773995064361 0.0 13600
1773995154597 0.0 14400
1773995244759 0.0 15200
1773995331409 0.0 16000
1773995418136 0.0 16800
1773995503468 0.0 17600
1773995590489 0.0 18400
1773995676145 0.0 19200
1773995761554 0.0 20000
1773995847002 0.0 20800
1773995934380 0.0 21600
1773996021549 0.0 22400
1773996111954 0.0 23200
1773996197497 0.0 24000
1773996283296 0.0 24800
1773996370904 0.0 25600
1773996458083 0.0 26400
1773996545665 0.0 27200
1773996633155 0.0 28000
1773996721424 0.0 28800
1773996806996 0.0 29600
1773996894620 0.0 30400
1773996982993 0.0 31200
1773997070479 0.0 32000
1773997156404 0.0 32800
1773997243879 0.0 33600
1773997331672 0.0 34400
1773997420299 0.0 35200
1773997507945 0.0 36000
1773997595723 0.0 36800
1773997682156 0.0 37600
1773997773245 0.0 38400
1773997863835 0.0 39200
1773997951626 0.0 40000
1773998039429 0.0 40800
1773998130822 0.0 41600
1773998217083 0.0 42400
1773998305010 0.0 43200
1773998393731 0.0 44000
1773998480061 0.0 44800
1773998568133 0.0 45600
1773998657036 0.0 46400
1773998744816 0.0 47200
1773998840613 0.0 48000
1773998939313 0.0 48800
1773999040628 0.0 49600
1773999134538 0.0 50400
1773999228134 0.0 51200
1773999323419 0.0 52000
1773999418757 0.0 52800
1773999514153 0.0 53600
1773999608072 0.0 54400
1773999703556 0.0 55200
1773999799379 0.0 56000
1773999894862 0.0 56800
1773999991597 0.0 57600
1774000087595 0.0 58400
1774000181551 0.0 59200
1774000275834 0.0 60000
1774000371812 0.0 60800
1774000471056 0.0 61600
1774000567107 0.0 62400
1774000661287 0.0 63200
1774000760398 0.0 64000
1774000856618 0.0 64800
1774000953638 0.0 65600
1774001047876 0.0 66400
1774001147241 0.0 67200
1774001241937 0.0 68000
1774001337927 0.0 68800
1774001434847 0.0 69600
1774001531222 0.0 70400
1774001627366 0.0 71200
1774001721873 0.0 72000
1774001818044 0.0 72800
1774001914303 0.0 73600
1774002009156 0.0 74400
1774002108919 0.0 75200
1774002205437 0.0 76000
1774002302988 0.0 76800
1774002397689 0.0 77600
1774002495276 0.0 78400
1774002591705 0.0 79200
1774002689280 0.0 80000
1774002789191 0.0 80800
1774002883956 0.0 81600
1774002978282 0.0 82400
1774003067190 0.0 83200
1774003154475 0.0 84000
1774003243605 0.0 84800
1774003335839 0.0 85600
1774003423414 0.0 86400
1774003512436 0.0 87200
1774003599921 0.0 88000
1774003690233 0.0 88800
1774003779697 0.0 89600
1774003872410 0.0 90400
1774003961783 0.0 91200
1774004051143 0.0 92000
1774004140403 0.0 92800
1774004229903 0.0 93600
1774004319498 0.0 94400
1774004408576 0.0 95200
1774004497862 0.0 96000
1774004588116 0.0 96800
1774004678271 0.0 97600
1774004768933 0.0 98400
1774004858451 0.0 99200
1774004948793 0.0 100000
1774005038539 0.0 100800
1774005128351 0.0 101600
1774005216229 0.0 102400
1774005306248 0.0 103200
1774005394318 0.0 104000
1774005483879 0.0 104800
1774005573872 0.0 105600
1774005662054 0.0 106400
1774005751490 0.0 107200
1774005839606 0.0 108000
1774005932552 0.0 108800
1774006022379 0.0 109600
1774006112246 0.0 110400
1774006200498 0.0 111200
1774006288812 0.0 112000
1774006377173 0.0 112800
1774006468061 0.0 113600
1774006558173 0.0 114400
1774006648041 0.0 115200
1774006736450 0.0 116000
1774006826429 0.0 116800
1774006916598 0.0 117600
1774007005183 0.0 118400
1774007093759 0.0 119200
1774007183262 0.0 120000
1774007274459 0.0 120800
1774007365105 0.0 121600
1774007460243 0.0 122400
1774007561246 0.0 123200
1774007659300 0.0 124000
1774007755589 0.0 124800
1774007853340 0.0 125600
1774007951269 0.0 126400
1774008047795 0.0 127200
1774008143781 0.0 128000
1774008242454 0.0 128800
1774008340644 0.0 129600
1774008437134 0.0 130400
1774008535329 0.0 131200
1774008638548 0.0 132000
1774008735090 0.0 132800
1774008834661 0.0 133600
1774008933145 0.0 134400
1774009030591 0.0 135200
1774009127567 0.0 136000
1774009225172 0.0 136800
1774009322286 0.0 137600
1774009420940 0.0 138400
1774009518273 0.0 139200
1774009615475 0.0 140000
1774009715390 0.0 140800
1774009815410 0.0 141600
1774009913294 0.0 142400
1774010010715 0.0 143200
1774010109989 0.0 144000
1774010212541 0.0 144800
1774010309901 0.0 145600
1774010407260 0.0 146400
1774010509369 0.0 147200
1774010611300 0.0 148000
1774010713311 0.0 148800
1774010818976 0.0 149600
1774010925866 0.0 150400
