1773993602796 -0.0004047937982250005 800
1773993699234 -0.00025251240003854036 1600
1773993793960 -0.00020521572150755674 2400
1773993891158 8.065759902819991e-05 3200
1773993983586 2.5117908080574125e-05 4000
1773994077429 0.0006550902617163956 4800
1773994174442 0.0012548464583232999 5600
1773994268346 0.00242263893596828 6400
1773994362285 0.0029931121971458197 7200
1773994454604 0.0041661616414785385 8000
1773994542871 0.0052954028360545635 8800
1773994630737 0.006016633938997984 9600
1773994717257 0.006867385469377041 10400
1773994803949 0.007588115520775318 11200
1773994891765 0.008121048100292683 12000
1773994978456 0.009033003821969032 12800
1773995064361 0.009550041519105434 13600
1773995154597 0.009975980035960674 14400
1773995244759 0.010475395247340202 15200
1773995331409 0.011108786799013615 16000
1773995418136 0.0112514179199934 16800
1773995503468 0.01166039239615202 17600
1773995590489 0.011749639175832272 18400
1773995676145 0.012088702991604805 19200
1773995761554 0.012550919316709042 20000
1773995847002 0.012654567137360573 20800
1773995934380 0.01328488253057003 21600
1773996021549 0.013664353638887405 22400
1773996111954 0.013830314390361309 23200
1773996197497 0.013961627148091793 24000
1773996283296 0.013935498893260956 24800
1773996370904 0.014167875982820988 25600
1773996458083 0.014522450044751167 26400
1773996545665 0.014749052934348583 27200
1773996633155 0.01514714676886797 28000
1773996721424 0.015231756493449211 28800
1773996806996 0.015389318577945232 29600
1773996894620 0.015535333193838596 30400
1773996982993 0.01574219949543476 31200
1773997070479 0.015941159799695015 32000
1773997156404 0.01621939241886139 32800
1773997243879 0.016183607280254364 33600
1773997331672 0.016187099739909172 34400
1773997420299 0.016487522050738335 35200
1773997507945 0.01680075004696846 36000
1773997595723 0.017106207087635994 36800
1773997682156 0.017368752509355545 37600
1773997773245 0.017479341477155685 38400
1773997863835 0.017826199531555176 39200
1773997951626 0.018041135743260384 40000
1773998039429 0.018146047368645668 40800
1773998130822 0.018214546144008636 41600
1773998217083 0.01847909577190876 42400
1773998305010 0.01861889846622944 43200
1773998393731 0.018909819424152374 44000
1773998480061 0.018876133486628532 44800
1773998568133 0.019321724772453308 45600
1773998657036 0.019881172105669975 46400
1773998744816 0.01999523490667343 47200
1773998840613 0.02026616781949997 48000
1773998939313 0.020143019035458565 48800
1773999040628 0.020470483228564262 49600
1773999134538 0.020491497591137886 50400
1773999228134 0.020839393138885498 51200
1773999323419 0.02097960188984871 52000
1773999418757 0.02112675830721855 52800
1773999514153 0.021263016387820244 53600
1773999608072 0.021544257178902626 54400
1773999703556 0.021598350256681442 55200
1773999799379 0.021800106391310692 56000
1773999894862 0.021855194121599197 56800
1773999991597 0.022061873227357864 57600
1774000087595 0.022294841706752777 58400
1774000181551 0.02256781980395317 59200
1774000275834 0.02271692082285881 60000
1774000371812 0.022792285308241844 60800
1774000471056 0.02331181988120079 61600
1774000567107 0.023620126768946648 62400
1774000661287 0.023646702989935875 63200
1774000760398 0.023810261860489845 64000
1774000856618 0.023806534707546234 64800
1774000953638 0.023896273225545883 65600
1774001047876 0.024168046191334724 66400
1774001147241 0.024247929453849792 67200
1774001241937 0.024292994290590286 68000
1774001337927 0.024353070184588432 68800
1774001434847 0.024600397795438766 69600
1774001531222 0.024948909878730774 70400
1774001627366 0.02515016868710518 71200
1774001721873 0.02525283582508564 72000
1774001818044 0.025594649836421013 72800
1774001914303 0.02563449740409851 73600
1774002009156 0.025975139811635017 74400
1774002108919 0.026065470650792122 75200
1774002205437 0.026138080283999443 76000
1774002302988 0.026388300582766533 76800
1774002397689 0.02659841999411583 77600
1774002495276 0.026729073375463486 78400
1774002591705 0.026720287278294563 79200
1774002689280 0.02667379193007946 80000
1774002789191 0.026830924674868584 80800
1774002883956 0.026988698169589043 81600
1774002978282 0.02689702995121479 82400
1774003067190 0.026818355545401573 83200
1774003154475 0.02719380520284176 84000
1774003243605 0.027322838082909584 84800
1774003335839 0.027354056015610695 85600
1774003423414 0.027537306770682335 86400
1774003512436 0.027498437091708183 87200
1774003599921 0.027936693280935287 88000
1774003690233 0.027798552066087723 88800
1774003779697 0.0278848297894001 89600
1774003872410 0.02796950936317444 90400
1774003961783 0.028063815087080002 91200
1774004051143 0.028223665431141853 92000
1774004140403 0.02835346758365631 92800
1774004229903 0.028409186750650406 93600
1774004319498 0.028393814340233803 94400
1774004408576 0.028413504362106323 95200
1774004497862 0.028777780011296272 96000
1774004588116 0.02891618385910988 96800
1774004678271 0.029234714806079865 97600
1774004768933 0.029204558581113815 98400
1774004858451 0.02966957353055477 99200
1774004948793 0.02945101261138916 100000
1774005038539 0.029381804168224335 100800
1774005128351 0.029915712773799896 101600
1774005216229 0.029854679480195045 102400
1774005306248 0.030007723718881607 103200
1774005394318 0.030137820169329643 104000
1774005483879 0.030223913490772247 104800
1774005573872 0.030282074585556984 105600
1774005662054 0.030529215931892395 106400
1774005751490 0.030393121764063835 107200
1774005839606 0.03049258142709732 108000
1774005932552 0.030751334503293037 108800
1774006022379 0.030827626585960388 109600
1774006112246 0.031051678583025932 110400
1774006200498 0.030995206907391548 111200
1774006288812 0.031178535893559456 112000
1774006377173 0.031224027276039124 112800
1774006468061 0.03120821714401245 113600
1774006558173 0.031672537326812744 114400
1774006648041 0.03187086805701256 115200
1774006736450 0.0316607691347599 116000
1774006826429 0.03183131664991379 116800
1774006916598 0.03162459656596184 117600
1774007005183 0.031971175223588943 118400
1774007093759 0.03213668242096901 119200
1774007183262 0.03227119520306587 120000
1774007274459 0.032079506665468216 120800
1774007365105 0.032270438969135284 121600
1774007460243 0.03246470168232918 122400
1774007561246 0.03260413557291031 123200
1774007659300 0.03262260928750038 124000
1774007755589 0.0324660949409008 124800
1774007853340 0.032680463045835495 125600
1774007951269 0.03274675831198692 126400
1774008047795 0.032877568155527115 127200
1774008143781 0.033025048673152924 128000
1774008242454 0.03312956914305687 128800
1774008340644 0.033018987625837326 129600
1774008437134 0.03310579061508179 130400
1774008535329 0.03314344957470894 131200
1774008638548 0.033218689262866974 132000
1774008735090 0.03342970088124275 132800
1774008834661 0.03345055133104324 133600
1774008933145 0.03332134336233139 134400
1774009030591 0.03340701013803482 135200
1774009127567 0.0336085744202137 136000
1774009225172 0.033560194075107574 136800
1774009322286 0.03376702219247818 137600
1774009420940 0.03385556489229202 138400
1774009518273 0.033971235156059265 139200
1774009615475 0.034210409969091415 140000
1774009715390 0.03436095640063286 140800
1774009815410 0.03429685905575752 141600
1774009913294 0.034303929656744 142400
1774010010715 0.0345495343208313 143200
1774010109989 0.03473648801445961 144000
1774010212541 0.03455202281475067 144800
1774010309901 0.0345335379242897 145600
1774010407260 0.034893330186605453 146400
1774010509369 0.0349728949368 147200
1774010611300 0.03509266674518585 148000
1774010713311 0.03497347608208656 148800
1774010818976 0.03502616658806801 149600
1774010925866 0.035398926585912704 150400
