1773993602796 0.00379214552231133 800
1773993699234 0.003186724381521344 1600
1773993793960 0.0023466618731617928 2400
1773993891158 0.0017599421553313732 3200
1773993983586 0.0007310686050914228 4000
1773994077429 0.00018564275524113327 4800
1773994174442 -0.00028304176521487534 5600
1773994268346 -0.0007542973035015166 6400
1773994362285 -0.0009960366878658533 7200
1773994454604 -0.0011074921349063516 8000
1773994542871 -0.0013502329820767045 8800
1773994630737 -0.0016507984837517142 9600
1773994717257 -0.0015691615408286452 10400
1773994803949 -0.0015732392203062773 11200
1773994891765 -0.001674761064350605 12000
1773994978456 -0.0015912759117782116 12800
1773995064361 -0.0015604449436068535 13600
1773995154597 -0.0015058713033795357 14400
1773995244759 -0.0015750093152746558 15200
1773995331409 -0.001564034610055387 16000
1773995418136 -0.0018597065936774015 16800
1773995503468 -0.0017777379835024476 17600
1773995590489 -0.0021245565731078386 18400
1773995676145 -0.0018892227672040462 19200
1773995761554 -0.001591832609847188 20000
1773995847002 -0.0017672161338850856 20800
1773995934380 -0.0016044247895479202 21600
1773996021549 -0.0014636687701568007 22400
1773996111954 -0.0014078000094741583 23200
1773996197497 -0.0015113676199689507 24000
1773996283296 -0.0015216558240354061 24800
1773996370904 -0.0012969269882887602 25600
1773996458083 -0.0011660897871479392 26400
1773996545665 -0.0009574175928719342 27200
1773996633155 -0.0008247473160736263 28000
1773996721424 -0.0008823551470413804 28800
1773996806996 -0.0009105664794333279 29600
1773996894620 -0.0008286017109639943 30400
1773996982993 -0.000747304002288729 31200
1773997070479 -0.0007749949581921101 32000
1773997156404 -0.0007274339441210032 32800
1773997243879 -0.0007374616106972098 33600
1773997331672 -0.0008013302576728165 34400
1773997420299 -0.00045059944386594 35200
1773997507945 -0.0003039559524040669 36000
1773997595723 -0.0001976967614609748 36800
1773997682156 -3.8959202356636524e-05 37600
1773997773245 0.00014383059169631451 38400
1773997863835 0.00021138577722012997 39200
1773997951626 0.0003129919641651213 40000
1773998039429 0.0002965887251775712 40800
1773998130822 0.0002960437850560993 41600
1773998217083 0.0005718479515053332 42400
1773998305010 0.0004214878426864743 43200
1773998393731 0.0007304188329726458 44000
1773998480061 0.0004820447647944093 44800
1773998568133 0.0006756040384061635 45600
1773998657036 0.0010970050934702158 46400
1773998744816 0.0009329749154858291 47200
1773998840613 0.0011036972282454371 48000
1773998939313 0.0008416394121013582 48800
1773999040628 0.0010562475072219968 49600
1773999134538 0.0009895751718431711 50400
1773999228134 0.001224916777573526 51200
1773999323419 0.0013855146244168282 52000
1773999418757 0.0014610490761697292 52800
1773999514153 0.0015360955148935318 53600
1773999608072 0.0017183120362460613 54400
1773999703556 0.0018299175426363945 55200
1773999799379 0.0019795119296759367 56000
1773999894862 0.001990522025153041 56800
1773999991597 0.0019373854156583548 57600
1774000087595 0.0020586762111634016 58400
1774000181551 0.0023028559517115355 59200
1774000275834 0.002288822317495942 60000
1774000371812 0.002302401466295123 60800
1774000471056 0.0025702023413032293 61600
1774000567107 0.002861098386347294 62400
1774000661287 0.002873931312933564 63200
1774000760398 0.0029879414942115545 64000
1774000856618 0.0028083077631890774 64800
1774000953638 0.0028667314909398556 65600
1774001047876 0.0028286247979849577 66400
1774001147241 0.0028661771211773157 67200
1774001241937 0.0027109270449727774 68000
1774001337927 0.002721167402341962 68800
1774001434847 0.002917140256613493 69600
1774001531222 0.0032603824511170387 70400
1774001627366 0.0034736283123493195 71200
1774001721873 0.0035520587116479874 72000
1774001818044 0.003839812707155943 72800
1774001914303 0.0038532991893589497 73600
1774002009156 0.004222344607114792 74400
1774002108919 0.004241952206939459 75200
1774002205437 0.004336172249168158 76000
1774002302988 0.004461031872779131 76800
1774002397689 0.0044601671397686005 77600
1774002495276 0.004516007378697395 78400
1774002591705 0.0045739575289189816 79200
1774002689280 0.004550832323729992 80000
1774002789191 0.004694528412073851 80800
1774002883956 0.004872175399214029 81600
1774002978282 0.004702853504568338 82400
1774003067190 0.004662001971155405 83200
1774003154475 0.004898254293948412 84000
1774003243605 0.004868649411946535 84800
1774003335839 0.00481463223695755 85600
1774003423414 0.004921595565974712 86400
1774003512436 0.004866656847298145 87200
1774003599921 0.005202951841056347 88000
1774003690233 0.005024209152907133 88800
1774003779697 0.0051471698097884655 89600
1774003872410 0.005210503004491329 90400
1774003961783 0.005299577489495277 91200
1774004051143 0.00552835687994957 92000
1774004140403 0.005657218862324953 92800
1774004229903 0.005626922007650137 93600
1774004319498 0.005660849157720804 94400
1774004408576 0.005671269726008177 95200
1774004497862 0.006090035196393728 96000
1774004588116 0.006147514097392559 96800
1774004678271 0.0063291131518781185 97600
1774004768933 0.006318960804492235 98400
1774004858451 0.006627674214541912 99200
1774004948793 0.006365777458995581 100000
1774005038539 0.006234366912394762 100800
1774005128351 0.006823524832725525 101600
1774005216229 0.006788480561226606 102400
1774005306248 0.0068916152231395245 103200
1774005394318 0.007001444231718779 104000
1774005483879 0.007039631716907024 104800
1774005573872 0.007231475785374641 105600
1774005662054 0.007494752760976553 106400
1774005751490 0.007294853217899799 107200
1774005839606 0.00731192622333765 108000
1774005932552 0.007526562549173832 108800
1774006022379 0.0075162663124501705 109600
1774006112246 0.007739987224340439 110400
1774006200498 0.007638208568096161 111200
1774006288812 0.007884260267019272 112000
1774006377173 0.00784666370600462 112800
1774006468061 0.007825084030628204 113600
1774006558173 0.008190225809812546 114400
1774006648041 0.00832283403724432 115200
1774006736450 0.008064092136919498 116000
1774006826429 0.008242043666541576 116800
1774006916598 0.007977028377354145 117600
1774007005183 0.00818476639688015 118400
1774007093759 0.008446444757282734 119200
1774007183262 0.008598705753684044 120000
1774007274459 0.00842027086764574 120800
1774007365105 0.008545272052288055 121600
1774007460243 0.008759555406868458 122400
1774007561246 0.00886369775980711 123200
1774007659300 0.00887568760663271 124000
1774007755589 0.008680724538862705 124800
1774007853340 0.008815384469926357 125600
1774007951269 0.008867685683071613 126400
1774008047795 0.008922027423977852 127200
1774008143781 0.009145609103143215 128000
1774008242454 0.009199131280183792 128800
1774008340644 0.009060573764145374 129600
1774008437134 0.009144519455730915 130400
1774008535329 0.00922185368835926 131200
1774008638548 0.00921300146728754 132000
1774008735090 0.009499972686171532 132800
1774008834661 0.009418892674148083 133600
1774008933145 0.009260752238333225 134400
1774009030591 0.009348140098154545 135200
1774009127567 0.00955161638557911 136000
1774009225172 0.009447932243347168 136800
1774009322286 0.00964721292257309 137600
1774009420940 0.009720394387841225 138400
1774009518273 0.009719954803586006 139200
1774009615475 0.009995691478252411 140000
1774009715390 0.010101989842951298 140800
1774009815410 0.010028557851910591 141600
1774009913294 0.009981861338019371 142400
1774010010715 0.010153197683393955 143200
1774010109989 0.01032250840216875 144000
1774010212541 0.01018607895821333 144800
1774010309901 0.010266772471368313 145600
1774010407260 0.010551206767559052 146400
1774010509369 0.010644416324794292 147200
1774010611300 0.010728473775088787 148000
1774010713311 0.010616971179842949 148800
1774010818976 0.010573935694992542 149600
1774010925866 0.010922741144895554 150400
