1773993602796 95075143.0 800
1773993699234 95075143.0 1600
1773993793960 95075143.0 2400
1773993891158 95075143.0 3200
1773993983586 95075143.0 4000
1773994077429 95075143.0 4800
1773994174442 95075143.0 5600
1773994268346 95075143.0 6400
1773994362285 95075143.0 7200
1773994454604 95075143.0 8000
1773994542871 95075143.0 8800
1773994630737 95075143.0 9600
1773994717257 95075143.0 10400
1773994803949 95075143.0 11200
1773994891765 95075143.0 12000
1773994978456 95075143.0 12800
1773995064361 95075143.0 13600
1773995154597 95075143.0 14400
1773995244759 95075143.0 15200
1773995331409 95075143.0 16000
1773995418136 95075143.0 16800
1773995503468 95075143.0 17600
1773995590489 95075143.0 18400
1773995676145 95075143.0 19200
1773995761554 95075143.0 20000
1773995847002 95075143.0 20800
1773995934380 95075143.0 21600
1773996021549 95075143.0 22400
1773996111954 95075143.0 23200
1773996197497 95075143.0 24000
1773996283296 95075143.0 24800
1773996370904 95075143.0 25600
1773996458083 95075143.0 26400
1773996545665 95075143.0 27200
1773996633155 95075143.0 28000
1773996721424 95075143.0 28800
1773996806996 95075143.0 29600
1773996894620 95075143.0 30400
1773996982993 95075143.0 31200
1773997070479 95075143.0 32000
1773997156404 95075143.0 32800
1773997243879 95075143.0 33600
1773997331672 95075143.0 34400
1773997420299 95075143.0 35200
1773997507945 95075143.0 36000
1773997595723 95075143.0 36800
1773997682156 95075143.0 37600
1773997773245 95075143.0 38400
1773997863835 95075143.0 39200
1773997951626 95075143.0 40000
1773998039429 95075143.0 40800
1773998130822 95075143.0 41600
1773998217083 95075143.0 42400
1773998305010 95075143.0 43200
1773998393731 95075143.0 44000
1773998480061 95075143.0 44800
1773998568133 95075143.0 45600
1773998657036 95075143.0 46400
1773998744816 95075143.0 47200
1773998840613 95075143.0 48000
1773998939313 95075143.0 48800
1773999040628 95075143.0 49600
1773999134538 95075143.0 50400
1773999228134 95075143.0 51200
1773999323419 95075143.0 52000
1773999418757 95075143.0 52800
1773999514153 95075143.0 53600
1773999608072 95075143.0 54400
1773999703556 95075143.0 55200
1773999799379 95075143.0 56000
1773999894862 95075143.0 56800
1773999991597 95075143.0 57600
1774000087595 95075143.0 58400
1774000181551 95075143.0 59200
1774000275834 95075143.0 60000
1774000371812 95075143.0 60800
1774000471056 95075143.0 61600
1774000567107 95075143.0 62400
1774000661287 95075143.0 63200
1774000760398 95075143.0 64000
1774000856618 95075143.0 64800
1774000953638 95075143.0 65600
1774001047876 95075143.0 66400
1774001147241 95075143.0 67200
1774001241937 95075143.0 68000
1774001337927 95075143.0 68800
1774001434847 95075143.0 69600
1774001531222 95075143.0 70400
1774001627366 95075143.0 71200
1774001721873 95075143.0 72000
1774001818044 95075143.0 72800
1774001914303 95075143.0 73600
1774002009156 95075143.0 74400
1774002108919 95075143.0 75200
1774002205437 95075143.0 76000
1774002302988 95075143.0 76800
1774002397689 95075143.0 77600
1774002495276 95075143.0 78400
1774002591705 95075143.0 79200
1774002689280 95075143.0 80000
1774002789191 95075143.0 80800
1774002883956 95075143.0 81600
1774002978282 95075143.0 82400
1774003067190 95075143.0 83200
1774003154475 95075143.0 84000
1774003243605 95075143.0 84800
1774003335839 95075143.0 85600
1774003423414 95075143.0 86400
1774003512436 95075143.0 87200
1774003599921 95075143.0 88000
1774003690233 95075143.0 88800
1774003779697 95075143.0 89600
1774003872410 95075143.0 90400
1774003961783 95075143.0 91200
1774004051143 95075143.0 92000
1774004140403 95075143.0 92800
1774004229903 95075143.0 93600
1774004319498 95075143.0 94400
1774004408576 95075143.0 95200
1774004497862 95075143.0 96000
1774004588116 95075143.0 96800
1774004678271 95075143.0 97600
1774004768933 95075143.0 98400
1774004858451 95075143.0 99200
1774004948793 95075143.0 100000
1774005038539 95075143.0 100800
1774005128351 95075143.0 101600
1774005216229 95075143.0 102400
1774005306248 95075143.0 103200
1774005394318 95075143.0 104000
1774005483879 95075143.0 104800
1774005573872 95075143.0 105600
1774005662054 95075143.0 106400
1774005751490 95075143.0 107200
1774005839606 95075143.0 108000
1774005932552 95075143.0 108800
1774006022379 95075143.0 109600
1774006112246 95075143.0 110400
1774006200498 95075143.0 111200
1774006288812 95075143.0 112000
1774006377173 95075143.0 112800
1774006468061 95075143.0 113600
1774006558173 95075143.0 114400
1774006648041 95075143.0 115200
1774006736450 95075143.0 116000
1774006826429 95075143.0 116800
1774006916598 95075143.0 117600
1774007005183 95075143.0 118400
1774007093759 95075143.0 119200
1774007183262 95075143.0 120000
1774007274459 95075143.0 120800
1774007365105 95075143.0 121600
1774007460243 95075143.0 122400
1774007561246 95075143.0 123200
1774007659300 95075143.0 124000
1774007755589 95075143.0 124800
1774007853340 95075143.0 125600
1774007951269 95075143.0 126400
1774008047795 95075143.0 127200
1774008143781 95075143.0 128000
1774008242454 95075143.0 128800
1774008340644 95075143.0 129600
1774008437134 95075143.0 130400
1774008535329 95075143.0 131200
1774008638548 95075143.0 132000
1774008735090 95075143.0 132800
1774008834661 95075143.0 133600
1774008933145 95075143.0 134400
1774009030591 95075143.0 135200
1774009127567 95075143.0 136000
1774009225172 95075143.0 136800
1774009322286 95075143.0 137600
1774009420940 95075143.0 138400
1774009518273 95075143.0 139200
1774009615475 95075143.0 140000
1774009715390 95075143.0 140800
1774009815410 95075143.0 141600
1774009913294 95075143.0 142400
1774010010715 95075143.0 143200
1774010109989 95075143.0 144000
1774010212541 95075143.0 144800
1774010309901 95075143.0 145600
1774010407260 95075143.0 146400
1774010509369 95075143.0 147200
1774010611300 95075143.0 148000
1774010713311 95075143.0 148800
1774010818976 95075143.0 149600
1774010925866 95075143.0 150400
