1773993602796 2223.594970703125 800
1773993699234 2198.381103515625 1600
1773993793960 2184.86962890625 2400
1773993891158 2177.765380859375 3200
1773993983586 2176.57470703125 4000
1773994077429 2186.990966796875 4800
1773994174442 2192.858642578125 5600
1773994268346 2201.947998046875 6400
1773994362285 2219.61474609375 7200
1773994454604 2220.0537109375 8000
1773994542871 2218.5732421875 8800
1773994630737 2237.459716796875 9600
1773994717257 2238.34228515625 10400
1773994803949 2248.333984375 11200
1773994891765 2254.90673828125 12000
1773994978456 2261.73779296875 12800
1773995064361 2257.214111328125 13600
1773995154597 2258.614990234375 14400
1773995244759 2257.980224609375 15200
1773995331409 2262.545166015625 16000
1773995418136 2285.421142578125 16800
1773995503468 2292.0419921875 17600
1773995590489 2293.963623046875 18400
1773995676145 2293.3330078125 19200
1773995761554 2293.152099609375 20000
1773995847002 2278.054443359375 20800
1773995934380 2286.618896484375 21600
1773996021549 2280.214111328125 22400
1773996111954 2281.003662109375 23200
1773996197497 2288.15283203125 24000
1773996283296 2275.525634765625 24800
1773996370904 2285.52685546875 25600
1773996458083 2284.574951171875 26400
1773996545665 2277.42431640625 27200
1773996633155 2267.016357421875 28000
1773996721424 2278.279541015625 28800
1773996806996 2291.395751953125 29600
1773996894620 2293.64453125 30400
1773996982993 2290.40771484375 31200
1773997070479 2302.9423828125 32000
1773997156404 2315.092041015625 32800
1773997243879 2306.39501953125 33600
1773997331672 2292.3193359375 34400
1773997420299 2303.05078125 35200
1773997507945 2285.82177734375 36000
1773997595723 2296.624267578125 36800
1773997682156 2284.252197265625 37600
1773997773245 2261.846435546875 38400
1773997863835 2267.77783203125 39200
1773997951626 2274.995849609375 40000
1773998039429 2281.7841796875 40800
1773998130822 2277.11669921875 41600
1773998217083 2281.364501953125 42400
1773998305010 2277.66064453125 43200
1773998393731 2283.390869140625 44000
1773998480061 2268.23193359375 44800
1773998568133 2271.466552734375 45600
1773998657036 2276.008056640625 46400
1773998744816 2266.850341796875 47200
1773998840613 2284.793212890625 48000
1773998939313 2284.97509765625 48800
1773999040628 2270.333251953125 49600
1773999134538 2274.53125 50400
1773999228134 2269.815185546875 51200
1773999323419 2275.4716796875 52000
1773999418757 2277.781005859375 52800
1773999514153 2255.185546875 53600
1773999608072 2269.93798828125 54400
1773999703556 2260.774658203125 55200
1773999799379 2276.414306640625 56000
1773999894862 2269.457275390625 56800
1773999991597 2270.341796875 57600
1774000087595 2270.235107421875 58400
1774000181551 2284.251953125 59200
1774000275834 2262.8076171875 60000
1774000371812 2264.2109375 60800
1774000471056 2264.81201171875 61600
1774000567107 2255.37939453125 62400
1774000661287 2250.406982421875 63200
1774000760398 2263.233642578125 64000
1774000856618 2265.200927734375 64800
1774000953638 2257.1787109375 65600
1774001047876 2258.408203125 66400
1774001147241 2279.511474609375 67200
1774001241937 2284.145263671875 68000
1774001337927 2279.37939453125 68800
1774001434847 2278.57763671875 69600
1774001531222 2271.5576171875 70400
1774001627366 2273.83984375 71200
1774001721873 2265.353271484375 72000
1774001818044 2256.421630859375 72800
1774001914303 2247.02294921875 73600
1774002009156 2247.244140625 74400
1774002108919 2255.94873046875 75200
1774002205437 2251.218994140625 76000
1774002302988 2246.944091796875 76800
1774002397689 2252.912353515625 77600
1774002495276 2249.9697265625 78400
1774002591705 2264.632568359375 79200
1774002689280 2260.17822265625 80000
1774002789191 2258.9443359375 80800
1774002883956 2269.961669921875 81600
1774002978282 2264.1474609375 82400
1774003067190 2257.567626953125 83200
1774003154475 2251.8212890625 84000
1774003243605 2251.79296875 84800
1774003335839 2260.02734375 85600
1774003423414 2255.29248046875 86400
1774003512436 2259.802490234375 87200
1774003599921 2261.8740234375 88000
1774003690233 2275.937255859375 88800
1774003779697 2265.307861328125 89600
1774003872410 2277.14794921875 90400
1774003961783 2270.784423828125 91200
1774004051143 2275.362060546875 92000
1774004140403 2271.905029296875 92800
1774004229903 2280.24560546875 93600
1774004319498 2271.14111328125 94400
1774004408576 2275.71044921875 95200
1774004497862 2276.18408203125 96000
1774004588116 2264.523681640625 96800
1774004678271 2261.70263671875 97600
1774004768933 2258.39013671875 98400
1774004858451 2270.948974609375 99200
1774004948793 2274.359619140625 100000
1774005038539 2261.657470703125 100800
1774005128351 2270.012451171875 101600
1774005216229 2267.769775390625 102400
1774005306248 2257.86572265625 103200
1774005394318 2254.77001953125 104000
1774005483879 2252.848388671875 104800
1774005573872 2260.1611328125 105600
1774005662054 2266.86865234375 106400
1774005751490 2253.265380859375 107200
1774005839606 2251.780517578125 108000
1774005932552 2267.836181640625 108800
1774006022379 2262.30908203125 109600
1774006112246 2253.176513671875 110400
1774006200498 2258.840576171875 111200
1774006288812 2268.831787109375 112000
1774006377173 2259.80712890625 112800
1774006468061 2260.324462890625 113600
1774006558173 2257.668212890625 114400
1774006648041 2266.78369140625 115200
1774006736450 2274.55615234375 116000
1774006826429 2277.251953125 116800
1774006916598 2263.35302734375 117600
1774007005183 2270.988525390625 118400
1774007093759 2259.275390625 119200
1774007183262 2262.383056640625 120000
1774007274459 2289.146240234375 120800
1774007365105 2284.344970703125 121600
1774007460243 2267.05078125 122400
1774007561246 2255.060546875 123200
1774007659300 2253.68115234375 124000
1774007755589 2260.7587890625 124800
1774007853340 2264.48388671875 125600
1774007951269 2271.067138671875 126400
1774008047795 2268.88525390625 127200
1774008143781 2258.778076171875 128000
1774008242454 2261.44921875 128800
1774008340644 2261.684326171875 129600
1774008437134 2271.220458984375 130400
1774008535329 2271.119873046875 131200
1774008638548 2268.681640625 132000
1774008735090 2279.933837890625 132800
1774008834661 2273.0166015625 133600
1774008933145 2285.6005859375 134400
1774009030591 2266.25732421875 135200
1774009127567 2268.92236328125 136000
1774009225172 2269.14404296875 136800
1774009322286 2271.86474609375 137600
1774009420940 2264.718505859375 138400
1774009518273 2261.887451171875 139200
1774009615475 2273.199462890625 140000
1774009715390 2265.52001953125 140800
1774009815410 2269.99755859375 141600
1774009913294 2263.836669921875 142400
1774010010715 2267.390625 143200
1774010109989 2268.159423828125 144000
1774010212541 2263.119140625 144800
1774010309901 2261.751708984375 145600
1774010407260 2260.6767578125 146400
1774010509369 2276.282470703125 147200
1774010611300 2264.385009765625 148000
1774010713311 2265.54052734375 148800
1774010818976 2272.90478515625 149600
1774010925866 2261.925048828125 150400
