1773993602796 0.9980353713035583 800
1773993699234 0.9986423850059509 1600
1773993793960 0.999792218208313 2400
1773993891158 1.0001472234725952 3200
1773993983586 1.0014287233352661 4000
1773994077429 1.0018069744110107 4800
1773994174442 1.0025001764297485 5600
1773994268346 1.0028060674667358 6400
1773994362285 1.0029454231262207 7200
1773994454604 1.0031592845916748 8000
1773994542871 1.0033142566680908 8800
1773994630737 1.0034794807434082 9600
1773994717257 1.0030375719070435 10400
1773994803949 1.0026910305023193 11200
1773994891765 1.0021172761917114 12000
1773994978456 1.00155770778656 12800
1773995064361 1.0012255907058716 13600
1773995154597 1.0009409189224243 14400
1773995244759 1.0009139776229858 15200
1773995331409 1.001050591468811 16000
1773995418136 1.0011783838272095 16800
1773995503468 1.000430703163147 17600
1773995590489 1.0005621910095215 18400
1773995676145 1.0003256797790527 19200
1773995761554 1.0002405643463135 20000
1773995847002 1.0000319480895996 20800
1773995934380 1.000147819519043 21600
1773996021549 1.0002129077911377 22400
1773996111954 1.000058650970459 23200
1773996197497 1.0001180171966553 24000
1773996283296 1.0004692077636719 24800
1773996370904 1.0007309913635254 25600
1773996458083 1.0006669759750366 26400
1773996545665 1.000436782836914 27200
1773996633155 1.0000724792480469 28000
1773996721424 1.0003163814544678 28800
1773996806996 1.0004726648330688 29600
1773996894620 1.0003095865249634 30400
1773996982993 1.000443458557129 31200
1773997070479 1.000524878501892 32000
1773997156404 1.0003581047058105 32800
1773997243879 1.0007513761520386 33600
1773997331672 1.000698208808899 34400
1773997420299 1.0009398460388184 35200
1773997507945 1.0005006790161133 36000
1773997595723 1.000723123550415 36800
1773997682156 1.0003418922424316 37600
1773997773245 1.000693917274475 38400
1773997863835 1.0009673833847046 39200
1773997951626 1.000801920890808 40000
1773998039429 1.000822901725769 40800
1773998130822 1.0009269714355469 41600
1773998217083 1.0014094114303589 42400
1773998305010 1.0015180110931396 43200
1773998393731 1.0014921426773071 44000
1773998480061 1.0016661882400513 44800
1773998568133 1.0015029907226562 45600
1773998657036 1.0012822151184082 46400
1773998744816 1.0011966228485107 47200
1773998840613 1.0016709566116333 48000
1773998939313 1.001358985900879 48800
1773999040628 1.0010887384414673 49600
1773999134538 1.0010707378387451 50400
1773999228134 1.001223087310791 51200
1773999323419 1.0005877017974854 52000
1773999418757 1.0007351636886597 52800
1773999514153 1.0005977153778076 53600
1773999608072 1.000874638557434 54400
1773999703556 1.0006057024002075 55200
1773999799379 1.0006314516067505 56000
1773999894862 1.0005460977554321 56800
1773999991597 1.0004369020462036 57600
1774000087595 1.0006159543991089 58400
1774000181551 1.000996708869934 59200
1774000275834 1.0013500452041626 60000
1774000371812 1.001517415046692 60800
1774000471056 1.0012564659118652 61600
1774000567107 1.001159429550171 62400
1774000661287 1.001432180404663 63200
1774000760398 1.0015047788619995 64000
1774000856618 1.0012997388839722 64800
1774000953638 1.0011122226715088 65600
1774001047876 1.000876545906067 66400
1774001147241 1.000653624534607 67200
1774001241937 1.000998616218567 68000
1774001337927 1.0009630918502808 68800
1774001434847 1.0009896755218506 69600
1774001531222 1.0009387731552124 70400
1774001627366 1.00115966796875 71200
1774001721873 1.0010087490081787 72000
1774001818044 1.001014232635498 72800
1774001914303 1.0010536909103394 73600
1774002009156 1.0012108087539673 74400
1774002108919 1.00153648853302 75200
1774002205437 1.001222848892212 76000
1774002302988 1.0013681650161743 76800
1774002397689 1.0012913942337036 77600
1774002495276 1.0012695789337158 78400
1774002591705 1.0013726949691772 79200
1774002689280 1.0012938976287842 80000
1774002789191 1.0010712146759033 80800
1774002883956 1.0009363889694214 81600
1774002978282 1.001035451889038 82400
1774003067190 1.0009486675262451 83200
1774003154475 1.000826358795166 84000
1774003243605 1.000664234161377 84800
1774003335839 1.0008496046066284 85600
1774003423414 1.0006237030029297 86400
1774003512436 1.0005444288253784 87200
1774003599921 1.0001198053359985 88000
1774003690233 1.0001887083053589 88800
1774003779697 1.0001213550567627 89600
1774003872410 1.0005807876586914 90400
1774003961783 1.0008063316345215 91200
1774004051143 1.0007210969924927 92000
1774004140403 1.0008361339569092 92800
1774004229903 1.0005606412887573 93600
1774004319498 1.0001442432403564 94400
1774004408576 1.000011682510376 95200
1774004497862 0.9998922348022461 96000
1774004588116 1.0001072883605957 96800
1774004678271 1.0000646114349365 97600
1774004768933 0.9996280074119568 98400
1774004858451 0.9997522234916687 99200
1774004948793 0.9999056458473206 100000
1774005038539 1.0002213716506958 100800
1774005128351 0.9998032450675964 101600
1774005216229 0.9999604821205139 102400
1774005306248 0.9996633529663086 103200
1774005394318 1.0001901388168335 104000
1774005483879 1.0000959634780884 104800
1774005573872 1.0000698566436768 105600
1774005662054 0.9996471405029297 106400
1774005751490 0.9997609853744507 107200
1774005839606 0.999714732170105 108000
1774005932552 0.9995416402816772 108800
1774006022379 0.9994032382965088 109600
1774006112246 0.9991762638092041 110400
1774006200498 0.9994181990623474 111200
1774006288812 0.999523937702179 112000
1774006377173 0.999397337436676 112800
1774006468061 0.9997748732566833 113600
1774006558173 0.9993479251861572 114400
1774006648041 0.9994113445281982 115200
1774006736450 0.9995150566101074 116000
1774006826429 0.9992932081222534 116800
1774006916598 0.9992190599441528 117600
1774007005183 0.9990007877349854 118400
1774007093759 0.9990578293800354 119200
1774007183262 0.9994484782218933 120000
1774007274459 0.9994943737983704 120800
1774007365105 0.9996854066848755 121600
1774007460243 0.9997671246528625 122400
1774007561246 0.9995481371879578 123200
1774007659300 0.9996311068534851 124000
1774007755589 0.9996548295021057 124800
1774007853340 0.9998498558998108 125600
1774007951269 0.99958735704422 126400
1774008047795 0.9999420046806335 127200
1774008143781 0.9997527003288269 128000
1774008242454 0.9999409317970276 128800
1774008340644 0.9997540712356567 129600
1774008437134 0.9990096092224121 130400
1774008535329 0.9983055591583252 131200
1774008638548 0.9985864162445068 132000
1774008735090 0.9986875057220459 132800
1774008834661 0.9985555410385132 133600
1774008933145 0.998711347579956 134400
1774009030591 0.9986250400543213 135200
1774009127567 0.9983384609222412 136000
1774009225172 0.9981451630592346 136800
1774009322286 0.9981557726860046 137600
1774009420940 0.9978470802307129 138400
1774009518273 0.9978062510490417 139200
1774009615475 0.9970121383666992 140000
1774009715390 0.9966248273849487 140800
1774009815410 0.9968417286872864 141600
1774009913294 0.9965884685516357 142400
1774010010715 0.9968929290771484 143200
1774010109989 0.9968842267990112 144000
1774010212541 0.9969261288642883 144800
1774010309901 0.9969687461853027 145600
1774010407260 0.9968076348304749 146400
1774010509369 0.9966633319854736 147200
1774010611300 0.9969863295555115 148000
1774010713311 0.9969229102134705 148800
1774010818976 0.9971944689750671 149600
1774010925866 0.9969790577888489 150400
