1773993602796 86878.9453125 800
1773993699234 84281.7109375 1600
1773993793960 82126.0703125 2400
1773993891158 79160.2265625 3200
1773993983586 77295.296875 4000
1773994077429 74113.109375 4800
1773994174442 72666.609375 5600
1773994268346 71079.40625 6400
1773994362285 68861.84375 7200
1773994454604 68492.7734375 8000
1773994542871 68333.90625 8800
1773994630737 66216.6796875 9600
1773994717257 65907.828125 10400
1773994803949 64872.1875 11200
1773994891765 64202.98828125 12000
1773994978456 63563.6875 12800
1773995064361 63801.140625 13600
1773995154597 63570.7890625 14400
1773995244759 63481.40234375 15200
1773995331409 62954.84375 16000
1773995418136 60998.59375 16800
1773995503468 60448.7734375 17600
1773995590489 60047.703125 18400
1773995676145 60053.7734375 19200
1773995761554 60059.734375 20000
1773995847002 61179.328125 20800
1773995934380 60323.578125 21600
1773996021549 60767.7578125 22400
1773996111954 60686.0859375 23200
1773996197497 60113.0390625 24000
1773996283296 61190.9375 24800
1773996370904 60314.4296875 25600
1773996458083 60365.984375 26400
1773996545665 61107.4609375 27200
1773996633155 61948.703125 28000
1773996721424 60945.734375 28800
1773996806996 59826.0703125 29600
1773996894620 59657.359375 30400
1773996982993 59899.734375 31200
1773997070479 58869.7265625 32000
1773997156404 57860.703125 32800
1773997243879 58562.546875 33600
1773997331672 59682.1953125 34400
1773997420299 58667.6328125 35200
1773997507945 60017.796875 36000
1773997595723 59051.9609375 36800
1773997682156 60090.328125 37600
1773997773245 62309.9921875 38400
1773997863835 61701.07421875 39200
1773997951626 60906.0234375 40000
1773998039429 60302.1484375 40800
1773998130822 60718.53125 41600
1773998217083 60224.03125 42400
1773998305010 60545.6953125 43200
1773998393731 60084.9921875 44000
1773998480061 61630.51171875 44800
1773998568133 61159.1484375 45600
1773998657036 60483.84375 46400
1773998744816 61460.58203125 47200
1773998840613 59721.015625 48000
1773998939313 59714.59375 48800
1773999040628 61066.8984375 49600
1773999134538 60730.6875 50400
1773999228134 61154.6328125 51200
1773999323419 60591.7109375 52000
1773999418757 60238.7265625 52800
1773999514153 62830.03515625 53600
1773999608072 61045.015625 54400
1773999703556 61991.40234375 55200
1773999799379 60412.3046875 56000
1773999894862 61187.84375 56800
1773999991597 61120.1484375 57600
1774000087595 61146.984375 58400
1774000181551 59657.953125 59200
1774000275834 61859.7109375 60000
1774000371812 61881.7265625 60800
1774000471056 61552.6015625 61600
1774000567107 62447.78125 62400
1774000661287 63076.6640625 63200
1774000760398 61639.98828125 64000
1774000856618 61568.8203125 64800
1774000953638 62705.2265625 65600
1774001047876 62418.71484375 66400
1774001147241 60085.4921875 67200
1774001241937 59707.0546875 68000
1774001337927 60185.7421875 68800
1774001434847 60334.2265625 69600
1774001531222 61072.5625 70400
1774001627366 60762.3046875 71200
1774001721873 61886.62890625 72000
1774001818044 62561.47265625 72800
1774001914303 63966.01953125 73600
1774002009156 63537.2890625 74400
1774002108919 62673.984375 75200
1774002205437 63513.9921875 76000
1774002302988 63713.98046875 76800
1774002397689 62899.79296875 77600
1774002495276 63443.96484375 78400
1774002591705 61629.3828125 79200
1774002689280 62657.18359375 80000
1774002789191 62588.33203125 80800
1774002883956 61240.6875 81600
1774002978282 62109.32421875 82400
1774003067190 63056.6875 83200
1774003154475 63360.80078125 84000
1774003243605 63285.26171875 84800
1774003335839 62150.05859375 85600
1774003423414 62776.171875 86400
1774003512436 62697.89453125 87200
1774003599921 62019.17578125 88000
1774003690233 60778.421875 88800
1774003779697 62179.72265625 89600
1774003872410 60745.3828125 90400
1774003961783 61560.16796875 91200
1774004051143 61051.8515625 92000
1774004140403 61182.46875 92800
1774004229903 60160.3984375 93600
1774004319498 61599.65234375 94400
1774004408576 61039.828125 95200
1774004497862 60788.75 96000
1774004588116 62396.015625 96800
1774004678271 62689.6640625 97600
1774004768933 63644.81640625 98400
1774004858451 61334.484375 99200
1774004948793 61183.515625 100000
1774005038539 63166.78515625 100800
1774005128351 61419.04296875 101600
1774005216229 61994.6015625 102400
1774005306248 63266.296875 103200
1774005394318 63532.77734375 104000
1774005483879 63638.33984375 104800
1774005573872 63017.07421875 105600
1774005662054 61907.13671875 106400
1774005751490 63950.95703125 107200
1774005839606 64347.19140625 108000
1774005932552 61729.85546875 108800
1774006022379 62660.33984375 109600
1774006112246 64131.640625 110400
1774006200498 63525.8984375 111200
1774006288812 62238.71875 112000
1774006377173 64132.28125 112800
1774006468061 64099.90625 113600
1774006558173 63879.70703125 114400
1774006648041 62273.98828125 115200
1774006736450 61367.859375 116000
1774006826429 60983.6796875 116800
1774006916598 63442.82421875 117600
1774007005183 61831.76171875 118400
1774007093759 63077.46875 119200
1774007183262 62889.34375 120000
1774007274459 59950.390625 120800
1774007365105 60362.0390625 121600
1774007460243 62608.2578125 122400
1774007561246 64384.16015625 123200
1774007659300 64728.6328125 124000
1774007755589 63716.1640625 124800
1774007853340 62949.45703125 125600
1774007951269 62132.29296875 126400
1774008047795 62355.6328125 127200
1774008143781 63938.6484375 128000
1774008242454 63609.23046875 128800
1774008340644 63618.8984375 129600
1774008437134 62056.26953125 130400
1774008535329 62088.265625 131200
1774008638548 62747.37109375 132000
1774008735090 61236.5390625 132800
1774008834661 62281.35546875 133600
1774008933145 60909.0859375 134400
1774009030591 63570.69140625 135200
1774009127567 62973.8125 136000
1774009225172 63283.21875 136800
1774009322286 62710.1640625 137600
1774009420940 64016.984375 138400
1774009518273 64491.20703125 139200
1774009615475 62351.10546875 140000
1774009715390 62938.3671875 140800
1774009815410 62526.51171875 141600
1774009913294 64094.4375 142400
1774010010715 63084.578125 143200
1774010109989 63343.9453125 144000
1774010212541 64956.9296875 144800
1774010309901 65300.578125 145600
1774010407260 64426.4765625 146400
1774010509369 62220.328125 147200
1774010611300 64162.0390625 148000
1774010713311 64699.4375 148800
1774010818976 63448.8828125 149600
1774010925866 64667.38671875 150400
