1773993602796 81839856.0 800
1773993699234 83312472.0 1600
1773993793960 83080600.0 2400
1773993891158 84786648.0 3200
1773993983586 83096256.0 4000
1773994077429 85128040.0 4800
1773994174442 84075256.0 5600
1773994268346 84249264.0 6400
1773994362285 85563864.0 7200
1773994454604 84467032.0 8000
1773994542871 82657376.0 8800
1773994630737 83339136.0 9600
1773994717257 82500152.0 10400
1773994803949 83329464.0 11200
1773994891765 82840656.0 12000
1773994978456 83578248.0 12800
1773995064361 82608224.0 13600
1773995154597 82672608.0 14400
1773995244759 82745824.0 15200
1773995331409 82865096.0 16000
1773995418136 84192376.0 16800
1773995503468 84246896.0 17600
1773995590489 83161456.0 18400
1773995676145 83367584.0 19200
1773995761554 84254256.0 20000
1773995847002 81554400.0 20800
1773995934380 83529016.0 21600
1773996021549 82957736.0 22400
1773996111954 83083960.0 23200
1773996197497 83140968.0 24000
1773996283296 81453368.0 24800
1773996370904 83288680.0 25600
1773996458083 83151848.0 26400
1773996545665 82533176.0 27200
1773996633155 81904656.0 28000
1773996721424 82308056.0 28800
1773996806996 83117536.0 29600
1773996894620 82670152.0 30400
1773996982993 82932272.0 31200
1773997070479 83845144.0 32000
1773997156404 84184680.0 32800
1773997243879 83327872.0 33600
1773997331672 81385184.0 34400
1773997420299 84118008.0 35200
1773997507945 82488840.0 36000
1773997595723 84438832.0 36800
1773997682156 82737664.0 37600
1773997773245 80609432.0 38400
1773997863835 81289088.0 39200
1773997951626 82526928.0 40000
1773998039429 82556464.0 40800
1773998130822 81975072.0 41600
1773998217083 83446928.0 42400
1773998305010 82220736.0 43200
1773998393731 83240560.0 44000
1773998480061 80086256.0 44800
1773998568133 81131736.0 45600
1773998657036 83482488.0 46400
1773998744816 81367384.0 47200
1773998840613 84193928.0 48000
1773998939313 82673936.0 48800
1773999040628 81475616.0 49600
1773999134538 81229528.0 50400
1773999228134 81433720.0 51200
1773999323419 82283456.0 52000
1773999418757 82690672.0 52800
1773999514153 79810848.0 53600
1773999608072 82017720.0 54400
1773999703556 81618984.0 55200
1773999799379 83381704.0 56000
1773999894862 82112760.0 56800
1773999991597 81462288.0 57600
1774000087595 81358848.0 58400
1774000181551 84059016.0 59200
1774000275834 81329992.0 60000
1774000371812 80914744.0 60800
1774000471056 82060544.0 61600
1774000567107 82044752.0 62400
1774000661287 81225848.0 63200
1774000760398 82938568.0 64000
1774000856618 81989144.0 64800
1774000953638 80366320.0 65600
1774001047876 80581312.0 66400
1774001147241 82728104.0 67200
1774001241937 82092672.0 68000
1774001337927 81356624.0 68800
1774001434847 81339632.0 69600
1774001531222 81427984.0 70400
1774001627366 82177456.0 71200
1774001721873 81023344.0 72000
1774001818044 81473160.0 72800
1774001914303 79973792.0 73600
1774002009156 81661296.0 74400
1774002108919 82066824.0 75200
1774002205437 80962992.0 76000
1774002302988 81209456.0 76800
1774002397689 81709984.0 77600
1774002495276 80968616.0 78400
1774002591705 83175872.0 79200
1774002689280 81038048.0 80000
1774002789191 81354168.0 80800
1774002883956 83203488.0 81600
1774002978282 81265128.0 82400
1774003067190 79929392.0 83200
1774003154475 80700048.0 84000
1774003243605 80748368.0 84800
1774003335839 81734064.0 85600
1774003423414 80958768.0 86400
1774003512436 79915408.0 87200
1774003599921 81760664.0 88000
1774003690233 81551392.0 88800
1774003779697 80231728.0 89600
1774003872410 81746968.0 90400
1774003961783 80909088.0 91200
1774004051143 81721472.0 92000
1774004140403 82298032.0 92800
1774004229903 83021928.0 93600
1774004319498 80853688.0 94400
1774004408576 81479936.0 95200
1774004497862 83094312.0 96000
1774004588116 81066448.0 96800
1774004678271 81093232.0 97600
1774004768933 79543760.0 98400
1774004858451 83057264.0 99200
1774004948793 82108856.0 100000
1774005038539 79185360.0 100800
1774005128351 82773232.0 101600
1774005216229 81518480.0 102400
1774005306248 80447680.0 103200
1774005394318 80655136.0 104000
1774005483879 80659304.0 104800
1774005573872 81087104.0 105600
1774005662054 82940912.0 106400
1774005751490 80304448.0 107200
1774005839606 79690512.0 108000
1774005932552 83067344.0 108800
1774006022379 81689376.0 109600
1774006112246 80527504.0 110400
1774006200498 80363096.0 111200
1774006288812 82085296.0 112000
1774006377173 79550936.0 112800
1774006468061 79367376.0 113600
1774006558173 80537320.0 114400
1774006648041 82329552.0 115200
1774006736450 82254088.0 116000
1774006826429 83097600.0 116800
1774006916598 79265128.0 117600
1774007005183 81521776.0 118400
1774007093759 81191272.0 119200
1774007183262 81314912.0 120000
1774007274459 82995032.0 120800
1774007365105 83136128.0 121600
1774007460243 81481192.0 122400
1774007561246 80278416.0 123200
1774007659300 79773088.0 124000
1774007755589 79847296.0 124800
1774007853340 81160120.0 125600
1774007951269 81763312.0 126400
1774008047795 81668448.0 127200
1774008143781 80467736.0 128000
1774008242454 80857784.0 128800
1774008340644 80528944.0 129600
1774008437134 82302104.0 130400
1774008535329 82150232.0 131200
1774008638548 80925584.0 132000
1774008735090 83025616.0 132800
1774008834661 81094816.0 133600
1774008933145 81528448.0 134400
1774009030591 79146032.0 135200
1774009127567 80385616.0 136000
1774009225172 79301264.0 136800
1774009322286 80528376.0 137600
1774009420940 79399264.0 138400
1774009518273 78867024.0 139200
1774009615475 81562608.0 140000
1774009715390 81695344.0 140800
1774009815410 81571744.0 141600
1774009913294 79252240.0 142400
1774010010715 80797760.0 143200
1774010109989 80283896.0 144000
1774010212541 78127248.0 144800
1774010309901 78171824.0 145600
1774010407260 80305160.0 146400
1774010509369 82366592.0 147200
1774010611300 80545168.0 148000
1774010713311 79089552.0 148800
1774010818976 79920624.0 149600
1774010925866 80141144.0 150400
