1773993602796 -904.617431640625 800
1773993699234 -919.0344848632812 1600
1773993793960 -940.7219848632812 2400
1773993891158 -949.1488647460938 3200
1773993983586 -971.163818359375 4000
1773994077429 -989.7559814453125 4800
1773994174442 -1009.8704223632812 5600
1773994268346 -1026.10888671875 6400
1773994362285 -1042.8603515625 7200
1773994454604 -1072.7271728515625 8000
1773994542871 -1100.5787353515625 8800
1773994630737 -1114.5379638671875 9600
1773994717257 -1142.7291259765625 10400
1773994803949 -1151.38623046875 11200
1773994891765 -1171.3570556640625 12000
1773994978456 -1178.9259033203125 12800
1773995064361 -1188.6990966796875 13600
1773995154597 -1193.2430419921875 14400
1773995244759 -1188.189453125 15200
1773995331409 -1188.9720458984375 16000
1773995418136 -1184.78125 16800
1773995503468 -1210.97314453125 17600
1773995590489 -1209.1678466796875 18400
1773995676145 -1214.60986328125 19200
1773995761554 -1214.3714599609375 20000
1773995847002 -1219.661376953125 20800
1773995934380 -1201.576416015625 21600
1773996021549 -1199.30615234375 22400
1773996111954 -1205.8448486328125 23200
1773996197497 -1211.32421875 24000
1773996283296 -1215.8380126953125 24800
1773996370904 -1203.4755859375 25600
1773996458083 -1214.720947265625 26400
1773996545665 -1225.167236328125 27200
1773996633155 -1225.727783203125 28000
1773996721424 -1235.165771484375 28800
1773996806996 -1231.538818359375 29600
1773996894620 -1243.01220703125 30400
1773996982993 -1236.16552734375 31200
1773997070479 -1232.886962890625 32000
1773997156404 -1245.710205078125 32800
1773997243879 -1241.45751953125 33600
1773997331672 -1248.2410888671875 34400
1773997420299 -1224.3448486328125 35200
1773997507945 -1230.0513916015625 36000
1773997595723 -1212.0723876953125 36800
1773997682156 -1227.578125 37600
1773997773245 -1232.3126220703125 38400
1773997863835 -1237.9244384765625 39200
1773997951626 -1229.3624267578125 40000
1773998039429 -1236.8994140625 40800
1773998130822 -1235.596923828125 41600
1773998217083 -1217.275146484375 42400
1773998305010 -1237.2945556640625 43200
1773998393731 -1238.898681640625 44000
1773998480061 -1248.10791015625 44800
1773998568133 -1244.5406494140625 45600
1773998657036 -1222.2264404296875 46400
1773998744816 -1235.4439697265625 47200
1773998840613 -1227.8668212890625 48000
1773998939313 -1235.1671142578125 48800
1773999040628 -1239.271484375 49600
1773999134538 -1243.2596435546875 50400
1773999228134 -1243.43408203125 51200
1773999323419 -1249.1893310546875 52000
1773999418757 -1240.755615234375 52800
1773999514153 -1256.5113525390625 53600
1773999608072 -1245.9610595703125 54400
1773999703556 -1240.336181640625 55200
1773999799379 -1236.150146484375 56000
1773999894862 -1241.693359375 56800
1773999991597 -1240.55810546875 57600
1774000087595 -1247.71484375 58400
1774000181551 -1229.7703857421875 59200
1774000275834 -1242.0540771484375 60000
1774000371812 -1248.892822265625 60800
1774000471056 -1242.53125 61600
1774000567107 -1234.7401123046875 62400
1774000661287 -1228.57177734375 63200
1774000760398 -1228.238037109375 64000
1774000856618 -1241.4266357421875 64800
1774000953638 -1252.1927490234375 65600
1774001047876 -1251.318359375 66400
1774001147241 -1246.1961669921875 67200
1774001241937 -1250.6319580078125 68000
1774001337927 -1247.79150390625 68800
1774001434847 -1252.25244140625 69600
1774001531222 -1260.240234375 70400
1774001627366 -1260.707275390625 71200
1774001721873 -1271.407470703125 72000
1774001818044 -1250.7369384765625 72800
1774001914303 -1256.1236572265625 73600
1774002009156 -1245.2015380859375 74400
1774002108919 -1255.479736328125 75200
1774002205437 -1267.5570068359375 76000
1774002302988 -1253.5494384765625 76800
1774002397689 -1252.6251220703125 77600
1774002495276 -1260.841796875 78400
1774002591705 -1252.7060546875 79200
1774002689280 -1278.1622314453125 80000
1774002789191 -1268.7021484375 80800
1774002883956 -1265.18408203125 81600
1774002978282 -1272.794677734375 82400
1774003067190 -1275.2489013671875 83200
1774003154475 -1261.6771240234375 84000
1774003243605 -1255.6485595703125 84800
1774003335839 -1243.2318115234375 85600
1774003423414 -1248.2376708984375 86400
1774003512436 -1265.4312744140625 87200
1774003599921 -1253.5833740234375 88000
1774003690233 -1266.2091064453125 88800
1774003779697 -1268.412109375 89600
1774003872410 -1263.279052734375 90400
1774003961783 -1261.827392578125 91200
1774004051143 -1262.7928466796875 92000
1774004140403 -1245.05859375 92800
1774004229903 -1234.9908447265625 93600
1774004319498 -1258.0411376953125 94400
1774004408576 -1252.04345703125 95200
1774004497862 -1239.381591796875 96000
1774004588116 -1252.694091796875 96800
1774004678271 -1251.8831787109375 97600
1774004768933 -1262.9859619140625 98400
1774004858451 -1239.9423828125 99200
1774004948793 -1247.57958984375 100000
1774005038539 -1262.18896484375 100800
1774005128351 -1238.835205078125 101600
1774005216229 -1252.207763671875 102400
1774005306248 -1251.0347900390625 103200
1774005394318 -1241.5347900390625 104000
1774005483879 -1235.4976806640625 104800
1774005573872 -1248.98828125 105600
1774005662054 -1237.445556640625 106400
1774005751490 -1245.7135009765625 107200
1774005839606 -1249.5355224609375 108000
1774005932552 -1227.9937744140625 108800
1774006022379 -1238.3885498046875 109600
1774006112246 -1254.7098388671875 110400
1774006200498 -1254.5015869140625 111200
1774006288812 -1254.339111328125 112000
1774006377173 -1278.7476806640625 112800
1774006468061 -1276.5103759765625 113600
1774006558173 -1261.2620849609375 114400
1774006648041 -1250.388671875 115200
1774006736450 -1244.7342529296875 116000
1774006826429 -1240.9014892578125 116800
1774006916598 -1262.9122314453125 117600
1774007005183 -1246.01904296875 118400
1774007093759 -1242.173095703125 119200
1774007183262 -1247.7513427734375 120000
1774007274459 -1247.7664794921875 120800
1774007365105 -1240.2587890625 121600
1774007460243 -1249.4329833984375 122400
1774007561246 -1256.3624267578125 123200
1774007659300 -1257.3675537109375 124000
1774007755589 -1262.0625 124800
1774007853340 -1253.0096435546875 125600
1774007951269 -1246.1556396484375 126400
1774008047795 -1239.9542236328125 127200
1774008143781 -1247.94580078125 128000
1774008242454 -1250.907470703125 128800
1774008340644 -1246.25 129600
1774008437134 -1229.96875 130400
1774008535329 -1233.35302734375 131200
1774008638548 -1242.901611328125 132000
1774008735090 -1238.271728515625 132800
1774008834661 -1247.1676025390625 133600
1774008933145 -1250.477783203125 134400
1774009030591 -1253.92822265625 135200
1774009127567 -1243.22705078125 136000
1774009225172 -1252.2061767578125 136800
1774009322286 -1245.6280517578125 137600
1774009420940 -1252.82373046875 138400
1774009518273 -1253.116943359375 139200
1774009615475 -1244.632568359375 140000
1774009715390 -1224.8829345703125 140800
1774009815410 -1226.801513671875 141600
1774009913294 -1240.5087890625 142400
1774010010715 -1225.7342529296875 143200
1774010109989 -1236.19921875 144000
1774010212541 -1250.4666748046875 144800
1774010309901 -1256.0389404296875 145600
1774010407260 -1236.8377685546875 146400
1774010509369 -1234.203369140625 147200
1774010611300 -1239.385009765625 148000
1774010713311 -1254.9942626953125 148800
1774010818976 -1249.0621337890625 149600
1774010925866 -1232.753662109375 150400
