1773993602796 0.9961962699890137 800
1773993699234 0.9969363808631897 1600
1773993793960 0.9977145791053772 2400
1773993891158 0.9982462525367737 3200
1773993983586 0.9991203546524048 4000
1773994077429 0.9996514320373535 4800
1773994174442 1.0003411769866943 5600
1773994268346 1.0005697011947632 6400
1773994362285 1.0005847215652466 7200
1773994454604 1.0006295442581177 8000
1773994542871 1.0005955696105957 8800
1773994630737 1.0010414123535156 9600
1773994717257 1.0009111166000366 10400
1773994803949 1.0007423162460327 11200
1773994891765 1.0008118152618408 12000
1773994978456 1.0010639429092407 12800
1773995064361 1.001315712928772 13600
1773995154597 1.001372218132019 14400
1773995244759 1.0018163919448853 15200
1773995331409 1.0015795230865479 16000
1773995418136 1.0016316175460815 16800
1773995503468 1.0012694597244263 17600
1773995590489 1.001092791557312 18400
1773995676145 1.0006946325302124 19200
1773995761554 1.0008351802825928 20000
1773995847002 1.0008130073547363 20800
1773995934380 1.0011972188949585 21600
1773996021549 1.001261591911316 22400
1773996111954 1.0007306337356567 23200
1773996197497 1.0007778406143188 24000
1773996283296 1.0005686283111572 24800
1773996370904 1.0005398988723755 25600
1773996458083 1.000438928604126 26400
1773996545665 1.0005040168762207 27200
1773996633155 1.0001598596572876 28000
1773996721424 0.9998667240142822 28800
1773996806996 0.999802827835083 29600
1773996894620 0.9998076558113098 30400
1773996982993 0.9995549321174622 31200
1773997070479 0.9991803765296936 32000
1773997156404 0.9983441233634949 32800
1773997243879 0.9978001713752747 33600
1773997331672 0.9979910850524902 34400
1773997420299 0.9982447624206543 35200
1773997507945 0.9981555938720703 36000
1773997595723 0.9980542063713074 36800
1773997682156 0.9978085160255432 37600
1773997773245 0.9975773692131042 38400
1773997863835 0.9973617196083069 39200
1773997951626 0.9972651600837708 40000
1773998039429 0.9970831274986267 40800
1773998130822 0.9972434639930725 41600
1773998217083 0.9974244832992554 42400
1773998305010 0.9970240592956543 43200
1773998393731 0.997408926486969 44000
1773998480061 0.9971820116043091 44800
1773998568133 0.996816873550415 45600
1773998657036 0.9968597292900085 46400
1773998744816 0.9967890977859497 47200
1773998840613 0.9965922236442566 48000
1773998939313 0.9964794516563416 48800
1773999040628 0.996330976486206 49600
1773999134538 0.9960899353027344 50400
1773999228134 0.9958004951477051 51200
1773999323419 0.9956871867179871 52000
1773999418757 0.9956344962120056 52800
1773999514153 0.9953629970550537 53600
1773999608072 0.9950742721557617 54400
1773999703556 0.9951751828193665 55200
1773999799379 0.9949547648429871 56000
1773999894862 0.9947930574417114 56800
1773999991597 0.9947690963745117 57600
1774000087595 0.9945322871208191 58400
1774000181551 0.9943441152572632 59200
1774000275834 0.9939917325973511 60000
1774000371812 0.994003176689148 60800
1774000471056 0.993834376335144 61600
1774000567107 0.9937024712562561 62400
1774000661287 0.9933041334152222 63200
1774000760398 0.993079662322998 64000
1774000856618 0.9926294684410095 64800
1774000953638 0.992383599281311 65600
1774001047876 0.9922877550125122 66400
1774001147241 0.9925007224082947 67200
1774001241937 0.9922295212745667 68000
1774001337927 0.9918458461761475 68800
1774001434847 0.9917916655540466 69600
1774001531222 0.9916118383407593 70400
1774001627366 0.9915199875831604 71200
1774001721873 0.9912189841270447 72000
1774001818044 0.991303026676178 72800
1774001914303 0.9909927845001221 73600
1774002009156 0.991303563117981 74400
1774002108919 0.9910253286361694 75200
1774002205437 0.9907008409500122 76000
1774002302988 0.9906665682792664 76800
1774002397689 0.9904983639717102 77600
1774002495276 0.9900720715522766 78400
1774002591705 0.9898473620414734 79200
1774002689280 0.9895316958427429 80000
1774002789191 0.9892835021018982 80800
1774002883956 0.9893045425415039 81600
1774002978282 0.9888243675231934 82400
1774003067190 0.9885619282722473 83200
1774003154475 0.9886079430580139 84000
1774003243605 0.9884710907936096 84800
1774003335839 0.9881452322006226 85600
1774003423414 0.9879650473594666 86400
1774003512436 0.9876174926757812 87200
1774003599921 0.9875153303146362 88000
1774003690233 0.9872082471847534 88800
1774003779697 0.9868090152740479 89600
1774003872410 0.9868232011795044 90400
1774003961783 0.9865946769714355 91200
1774004051143 0.9861606359481812 92000
1774004140403 0.985938310623169 92800
1774004229903 0.9857369661331177 93600
1774004319498 0.9853687882423401 94400
1774004408576 0.9850915670394897 95200
1774004497862 0.9849684834480286 96000
1774004588116 0.9847524166107178 96800
1774004678271 0.9846304059028625 97600
1774004768933 0.9842024445533752 98400
1774004858451 0.9842962622642517 99200
1774004948793 0.98381507396698 100000
1774005038539 0.9839397668838501 100800
1774005128351 0.9842024445533752 101600
1774005216229 0.9839075207710266 102400
1774005306248 0.9838823080062866 103200
1774005394318 0.9838878512382507 104000
1774005483879 0.983847975730896 104800
1774005573872 0.9835456609725952 105600
1774005662054 0.9836628437042236 106400
1774005751490 0.9834946393966675 107200
1774005839606 0.9835280776023865 108000
1774005932552 0.983816385269165 108800
1774006022379 0.9834533333778381 109600
1774006112246 0.9834474325180054 110400
1774006200498 0.9831646680831909 111200
1774006288812 0.9829826951026917 112000
1774006377173 0.9826380610466003 112800
1774006468061 0.9824802279472351 113600
1774006558173 0.9824957251548767 114400
1774006648041 0.9825943112373352 115200
1774006736450 0.9824526309967041 116000
1774006826429 0.9823059439659119 116800
1774006916598 0.9815855026245117 117600
1774007005183 0.981348991394043 118400
1774007093759 0.9816113710403442 119200
1774007183262 0.9816453456878662 120000
1774007274459 0.9812243580818176 120800
1774007365105 0.9810894131660461 121600
1774007460243 0.9810065627098083 122400
1774007561246 0.9807659983634949 123200
1774007659300 0.9804500341415405 124000
1774007755589 0.9800851941108704 124800
1774007853340 0.9798067808151245 125600
1774007951269 0.9795127511024475 126400
1774008047795 0.9794492125511169 127200
1774008143781 0.979418158531189 128000
1774008242454 0.9793040156364441 128800
1774008340644 0.978786826133728 129600
1774008437134 0.9785912036895752 130400
1774008535329 0.9782657027244568 131200
1774008638548 0.977998673915863 132000
1774008735090 0.977992832660675 132800
1774008834661 0.9779558777809143 133600
1774008933145 0.9777830839157104 134400
1774009030591 0.9777199029922485 135200
1774009127567 0.9775335192680359 136000
1774009225172 0.97709721326828 136800
1774009322286 0.9768120646476746 137600
1774009420940 0.9766053557395935 138400
1774009518273 0.9763179421424866 139200
1774009615475 0.9762990474700928 140000
1774009715390 0.9762501120567322 140800
1774009815410 0.9759460687637329 141600
1774009913294 0.9755458235740662 142400
1774010010715 0.9754208922386169 143200
1774010109989 0.9752590656280518 144000
1774010212541 0.9747840762138367 144800
1774010309901 0.974401593208313 145600
1774010407260 0.9743309020996094 146400
1774010509369 0.9741438627243042 147200
1774010611300 0.9738166928291321 148000
1774010713311 0.9735406637191772 148800
1774010818976 0.9733343720436096 149600
1774010925866 0.9731458425521851 150400
