1773993602796 0.9956790804862976 800
1773993699234 0.9942877292633057 1600
1773993793960 0.9931675791740417 2400
1773993891158 0.992027997970581 3200
1773993983586 0.9912050366401672 4000
1773994077429 0.9902578592300415 4800
1773994174442 0.9897598028182983 5600
1773994268346 0.9893280863761902 6400
1773994362285 0.9888349771499634 7200
1773994454604 0.9887982606887817 8000
1773994542871 0.9887748956680298 8800
1773994630737 0.988311231136322 9600
1773994717257 0.9882989525794983 10400
1773994803949 0.9881318807601929 11200
1773994891765 0.9879928827285767 12000
1773994978456 0.9879000782966614 12800
1773995064361 0.9878793954849243 13600
1773995154597 0.9877994656562805 14400
1773995244759 0.9877474904060364 15200
1773995331409 0.9875755906105042 16000
1773995418136 0.9871846437454224 16800
1773995503468 0.9872095584869385 17600
1773995590489 0.9870335459709167 18400
1773995676145 0.9870579838752747 19200
1773995761554 0.9870689511299133 20000
1773995847002 0.9871182441711426 20800
1773995934380 0.9869748950004578 21600
1773996021549 0.9869827628135681 22400
1773996111954 0.9869997501373291 23200
1773996197497 0.9868737459182739 24000
1773996283296 0.9869429469108582 24800
1773996370904 0.9867961406707764 25600
1773996458083 0.986821711063385 26400
1773996545665 0.9869073629379272 27200
1773996633155 0.9870303273200989 28000
1773996721424 0.9868893027305603 28800
1773996806996 0.986686646938324 29600
1773996894620 0.9866507053375244 30400
1773996982993 0.9866943955421448 31200
1773997070479 0.9865137338638306 32000
1773997156404 0.986419141292572 32800
1773997243879 0.986439049243927 33600
1773997331672 0.986519992351532 34400
1773997420299 0.9863799810409546 35200
1773997507945 0.9865449070930481 36000
1773997595723 0.9864107370376587 36800
1773997682156 0.9865691661834717 37600
1773997773245 0.9867978096008301 38400
1773997863835 0.9867504835128784 39200
1773997951626 0.9866440296173096 40000
1773998039429 0.9865719676017761 40800
1773998130822 0.9865787029266357 41600
1773998217083 0.9864593148231506 42400
1773998305010 0.9865394830703735 43200
1773998393731 0.9864684343338013 44000
1773998480061 0.9865532517433167 44800
1773998568133 0.9865529537200928 45600
1773998657036 0.9865202903747559 46400
1773998744816 0.9866002202033997 47200
1773998840613 0.9864236116409302 48000
1773998939313 0.9863753318786621 48800
1773999040628 0.9865403175354004 49600
1773999134538 0.9864853024482727 50400
1773999228134 0.9865822792053223 51200
1773999323419 0.9865808486938477 52000
1773999418757 0.9865283370018005 52800
1773999514153 0.9868401288986206 53600
1773999608072 0.9866603016853333 54400
1773999703556 0.9867438077926636 55200
1773999799379 0.9865493774414062 56000
1773999894862 0.9866124391555786 56800
1773999991597 0.9865037798881531 57600
1774000087595 0.9865182042121887 58400
1774000181551 0.9863231778144836 59200
1774000275834 0.9865889549255371 60000
1774000371812 0.9865494966506958 60800
1774000471056 0.9865871667861938 61600
1774000567107 0.9867178201675415 62400
1774000661287 0.9867110252380371 63200
1774000760398 0.9865726232528687 64000
1774000856618 0.9865389466285706 64800
1774000953638 0.986663281917572 65600
1774001047876 0.9866690039634705 66400
1774001147241 0.9863543510437012 67200
1774001241937 0.9862518310546875 68000
1774001337927 0.986284613609314 68800
1774001434847 0.9862893223762512 69600
1774001531222 0.9864720702171326 70400
1774001627366 0.9864652752876282 71200
1774001721873 0.9866110682487488 72000
1774001818044 0.9866663813591003 72800
1774001914303 0.9867827296257019 73600
1774002009156 0.9867627620697021 74400
1774002108919 0.9866473078727722 75200
1774002205437 0.986777663230896 76000
1774002302988 0.9867843985557556 76800
1774002397689 0.9866705536842346 77600
1774002495276 0.986737847328186 78400
1774002591705 0.9865166544914246 79200
1774002689280 0.9866337776184082 80000
1774002789191 0.9866327047348022 80800
1774002883956 0.9865027666091919 81600
1774002978282 0.9865201711654663 82400
1774003067190 0.9865988492965698 83200
1774003154475 0.9866738319396973 84000
1774003243605 0.9866594076156616 84800
1774003335839 0.9864652752876282 85600
1774003423414 0.9865864515304565 86400
1774003512436 0.9865715503692627 87200
1774003599921 0.986569344997406 88000
1774003690233 0.986413836479187 88800
1774003779697 0.9865679144859314 89600
1774003872410 0.9863940477371216 90400
1774003961783 0.9864564538002014 91200
1774004051143 0.9864171743392944 92000
1774004140403 0.986447274684906 92800
1774004229903 0.9862887263298035 93600
1774004319498 0.9864708781242371 94400
1774004408576 0.9863955974578857 95200
1774004497862 0.9864069819450378 96000
1774004588116 0.9865990281105042 96800
1774004678271 0.986643373966217 97600
1774004768933 0.9867393374443054 98400
1774004858451 0.9865097403526306 99200
1774004948793 0.9864399433135986 100000
1774005038539 0.9865944981575012 100800
1774005128351 0.9864429235458374 101600
1774005216229 0.9865504503250122 102400
1774005306248 0.9866941571235657 103200
1774005394318 0.9867036938667297 104000
1774005483879 0.9867175221443176 104800
1774005573872 0.9866869449615479 105600
1774005662054 0.9865753650665283 106400
1774005751490 0.9867669343948364 107200
1774005839606 0.9868044853210449 108000
1774005932552 0.9864780306816101 108800
1774006022379 0.9865795969963074 109600
1774006112246 0.9868295192718506 110400
1774006200498 0.9867179989814758 111200
1774006288812 0.9865793585777283 112000
1774006377173 0.98682701587677 112800
1774006468061 0.9867782592773438 113600
1774006558173 0.9868044257164001 114400
1774006648041 0.9865910410881042 115200
1774006736450 0.9863936901092529 116000
1774006826429 0.98636794090271 116800
1774006916598 0.98662930727005 117600
1774007005183 0.9864964485168457 118400
1774007093759 0.9866603016853333 119200
1774007183262 0.9866175651550293 120000
1774007274459 0.9862363934516907 120800
1774007365105 0.9862737655639648 121600
1774007460243 0.986598014831543 122400
1774007561246 0.9868366122245789 123200
1774007659300 0.9868812561035156 124000
1774007755589 0.9867376089096069 124800
1774007853340 0.9866858124732971 125600
1774007951269 0.9865456223487854 126400
1774008047795 0.9865798354148865 127200
1774008143781 0.9868186116218567 128000
1774008242454 0.9868025779724121 128800
1774008340644 0.9868054389953613 129600
1774008437134 0.9866021871566772 130400
1774008535329 0.9866357445716858 131200
1774008638548 0.9866935014724731 132000
1774008735090 0.986524760723114 132800
1774008834661 0.9866359829902649 133600
1774008933145 0.9864457845687866 134400
1774009030591 0.9867296814918518 135200
1774009127567 0.9866906404495239 136000
1774009225172 0.986709475517273 136800
1774009322286 0.9866836667060852 137600
1774009420940 0.9868665337562561 138400
1774009518273 0.9869667887687683 139200
1774009615475 0.9867556095123291 140000
1774009715390 0.9867692589759827 140800
1774009815410 0.9867362976074219 141600
1774009913294 0.9869226813316345 142400
1774010010715 0.9868080615997314 143200
1774010109989 0.986886739730835 144000
1774010212541 0.9870795011520386 144800
1774010309901 0.9871717691421509 145600
1774010407260 0.9871127605438232 146400
1774010509369 0.9868489503860474 147200
1774010611300 0.9870851635932922 148000
1774010713311 0.9871339797973633 148800
1774010818976 0.9869922399520874 149600
1774010925866 0.9871251583099365 150400
