1773993602796 347.850341796875 800
1773993699234 313.16375732421875 1600
1773993793960 354.454833984375 2400
1773993891158 301.368408203125 3200
1773993983586 420.59765625 4000
1773994077429 364.2747802734375 4800
1773994174442 431.38055419921875 5600
1773994268346 443.1104736328125 6400
1773994362285 407.44970703125 7200
1773994454604 467.91259765625 8000
1773994542871 570.2913818359375 8800
1773994630737 573.045654296875 9600
1773994717257 620.601806640625 10400
1773994803949 590.822265625 11200
1773994891765 628.1318359375 12000
1773994978456 594.626953125 12800
1773995064361 651.7107543945312 13600
1773995154597 650.1064453125 14400
1773995244759 646.470703125 15200
1773995331409 644.72509765625 16000
1773995418136 606.9817504882812 16800
1773995503468 604.4658203125 17600
1773995590489 672.5576171875 18400
1773995676145 656.4164428710938 19200
1773995761554 605.853515625 20000
1773995847002 735.91748046875 20800
1773995934380 642.3809814453125 21600
1773996021549 662.4088134765625 22400
1773996111954 655.13818359375 23200
1773996197497 661.8077392578125 24000
1773996283296 742.457763671875 24800
1773996370904 650.79296875 25600
1773996458083 655.8809204101562 26400
1773996545665 684.17578125 27200
1773996633155 696.71240234375 28000
1773996721424 694.3602294921875 28800
1773996806996 667.1769409179688 29600
1773996894620 695.3818359375 30400
1773996982993 675.7734375 31200
1773997070479 640.69189453125 32000
1773997156404 638.0015258789062 32800
1773997243879 674.242919921875 33600
1773997331672 763.89306640625 34400
1773997420299 630.399169921875 35200
1773997507945 696.564453125 36000
1773997595723 604.75244140625 36800
1773997682156 676.962890625 37600
1773997773245 760.5938720703125 38400
1773997863835 730.7371826171875 39200
1773997951626 674.6976318359375 40000
1773998039429 683.5888671875 40800
1773998130822 711.1201171875 41600
1773998217083 632.61376953125 42400
1773998305010 700.4365234375 43200
1773998393731 646.15380859375 44000
1773998480061 799.96044921875 44800
1773998568133 743.599853515625 45600
1773998657036 621.2607421875 46400
1773998744816 724.6683349609375 47200
1773998840613 591.056396484375 48000
1773998939313 680.221923828125 48800
1773999040628 720.6607055664062 49600
1773999134538 737.6844482421875 50400
1773999228134 720.9005126953125 51200
1773999323419 685.258056640625 52000
1773999418757 669.306396484375 52800
1773999514153 781.036376953125 53600
1773999608072 691.62744140625 54400
1773999703556 698.74609375 55200
1773999799379 623.2293701171875 56000
1773999894862 680.5618896484375 56800
1773999991597 720.164306640625 57600
1774000087595 721.1455078125 58400
1774000181551 596.1702880859375 59200
1774000275834 710.8077392578125 60000
1774000371812 733.956298828125 60800
1774000471056 672.140869140625 61600
1774000567107 654.609619140625 62400
1774000661287 690.98681640625 63200
1774000760398 621.17138671875 64000
1774000856618 676.07373046875 64800
1774000953638 743.73876953125 65600
1774001047876 734.3759765625 66400
1774001147241 656.25634765625 67200
1774001241937 702.286376953125 68000
1774001337927 732.6708984375 68800
1774001434847 729.4765625 69600
1774001531222 710.052978515625 70400
1774001627366 672.254638671875 71200
1774001721873 719.2734375 72000
1774001818044 684.0927734375 72800
1774001914303 747.474609375 73600
1774002009156 654.1878051757812 74400
1774002108919 646.74853515625 75200
1774002205437 696.671630859375 76000
1774002302988 681.184814453125 76800
1774002397689 664.644287109375 77600
1774002495276 700.3070068359375 78400
1774002591705 599.245361328125 79200
1774002689280 708.4700927734375 80000
1774002789191 689.1947021484375 80800
1774002883956 604.0091552734375 81600
1774002978282 700.93994140625 82400
1774003067190 761.81103515625 83200
1774003154475 712.599609375 84000
1774003243605 710.531982421875 84800
1774003335839 674.856201171875 85600
1774003423414 707.6895751953125 86400
1774003512436 768.520263671875 87200
1774003599921 674.61083984375 88000
1774003690233 706.72509765625 88800
1774003779697 755.17138671875 89600
1774003872410 697.1943359375 90400
1774003961783 731.3701171875 91200
1774004051143 691.4815673828125 92000
1774004140403 657.46630859375 92800
1774004229903 634.3416748046875 93600
1774004319498 731.32421875 94400
1774004408576 705.31103515625 95200
1774004497862 617.84765625 96000
1774004588116 700.29296875 96800
1774004678271 692.3408203125 97600
1774004768933 768.2935791015625 98400
1774004858451 609.541748046875 99200
1774004948793 664.491455078125 100000
1774005038539 796.9356689453125 100800
1774005128351 622.873291015625 101600
1774005216229 677.5401611328125 102400
1774005306248 719.0491943359375 103200
1774005394318 704.9019775390625 104000
1774005483879 701.82958984375 104800
1774005573872 681.79345703125 105600
1774005662054 601.835693359375 106400
1774005751490 717.5146484375 107200
1774005839606 744.7613525390625 108000
1774005932552 599.7489013671875 108800
1774006022379 658.2505493164062 109600
1774006112246 696.1088256835938 110400
1774006200498 715.6334228515625 111200
1774006288812 639.84423828125 112000
1774006377173 749.5194091796875 112800
1774006468061 763.345703125 113600
1774006558173 694.627197265625 114400
1774006648041 624.9992065429688 115200
1774006736450 648.3012084960938 116000
1774006826429 607.240966796875 116800
1774006916598 781.34765625 117600
1774007005183 678.628173828125 118400
1774007093759 677.16796875 119200
1774007183262 673.8516845703125 120000
1774007274459 635.57568359375 120800
1774007365105 619.3543090820312 121600
1774007460243 664.4501953125 122400
1774007561246 706.4208984375 123200
1774007659300 729.6162109375 124000
1774007755589 746.185791015625 124800
1774007853340 678.195068359375 125600
1774007951269 660.8248291015625 126400
1774008047795 660.583740234375 127200
1774008143781 703.2452392578125 128000
1774008242454 682.16455078125 128800
1774008340644 706.095703125 129600
1774008437134 633.11865234375 130400
1774008535329 644.76611328125 131200
1774008638548 693.6395263671875 132000
1774008735090 605.394287109375 132800
1774008834661 688.700927734375 133600
1774008933145 691.0545654296875 134400
1774009030591 785.573486328125 135200
1774009127567 722.28173828125 136000
1774009225172 782.7947998046875 136800
1774009322286 718.65966796875 137600
1774009420940 762.380615234375 138400
1774009518273 784.18408203125 139200
1774009615475 662.1259765625 140000
1774009715390 643.36962890625 140800
1774009815410 658.9066162109375 141600
1774009913294 768.6865234375 142400
1774010010715 694.594482421875 143200
1774010109989 721.129150390625 144000
1774010212541 822.4757080078125 144800
1774010309901 815.467529296875 145600
1774010407260 704.077392578125 146400
1774010509369 621.0411987304688 147200
1774010611300 690.90869140625 148000
1774010713311 771.3060302734375 148800
1774010818976 745.045654296875 149600
1774010925866 706.6551513671875 150400
