1773993602796 0.9964085221290588 800
1773993699234 0.9955573678016663 1600
1773993793960 0.9949694275856018 2400
1773993891158 0.9946208596229553 3200
1773993983586 0.993979275226593 4000
1773994077429 0.9929269552230835 4800
1773994174442 0.9919447302818298 5600
1773994268346 0.9911655783653259 6400
1773994362285 0.9899664521217346 7200
1773994454604 0.9890336394309998 8000
1773994542871 0.9878402948379517 8800
1773994630737 0.9872630834579468 9600
1773994717257 0.9862731695175171 10400
1773994803949 0.9854580163955688 11200
1773994891765 0.9847071766853333 12000
1773994978456 0.9832856059074402 12800
1773995064361 0.9825425744056702 13600
1773995154597 0.9815946221351624 14400
1773995244759 0.9809410572052002 15200
1773995331409 0.9799725413322449 16000
1773995418136 0.9795005917549133 16800
1773995503468 0.9785550236701965 17600
1773995590489 0.9782816767692566 18400
1773995676145 0.9776822328567505 19200
1773995761554 0.9769729971885681 20000
1773995847002 0.9765351414680481 20800
1773995934380 0.9757709503173828 21600
1773996021549 0.9753828048706055 22400
1773996111954 0.9749685525894165 23200
1773996197497 0.9744646549224854 24000
1773996283296 0.9739352464675903 24800
1773996370904 0.9733203649520874 25600
1773996458083 0.9726294875144958 26400
1773996545665 0.9718371033668518 27200
1773996633155 0.971207857131958 28000
1773996721424 0.9707663059234619 28800
1773996806996 0.9702874422073364 29600
1773996894620 0.9694733023643494 30400
1773996982993 0.9689576029777527 31200
1773997070479 0.9684686064720154 32000
1773997156404 0.9678654670715332 32800
1773997243879 0.9673661589622498 33600
1773997331672 0.9669742584228516 34400
1773997420299 0.9663708806037903 35200
1773997507945 0.9656111598014832 36000
1773997595723 0.9650832414627075 36800
1773997682156 0.964271068572998 37600
1773997773245 0.9638574123382568 38400
1773997863835 0.9631754755973816 39200
1773997951626 0.9624777436256409 40000
1773998039429 0.9617756009101868 40800
1773998130822 0.9615851640701294 41600
1773998217083 0.9608286619186401 42400
1773998305010 0.9603697657585144 43200
1773998393731 0.9596072435379028 44000
1773998480061 0.9593503475189209 44800
1773998568133 0.9587051868438721 45600
1773998657036 0.95798259973526 46400
1773998744816 0.9577056169509888 47200
1773998840613 0.9570149183273315 48000
1773998939313 0.9564805030822754 48800
1773999040628 0.9559131264686584 49600
1773999134538 0.955148458480835 50400
1773999228134 0.9543240666389465 51200
1773999323419 0.9537987112998962 52000
1773999418757 0.9532031416893005 52800
1773999514153 0.9526522755622864 53600
1773999608072 0.9521293044090271 54400
1773999703556 0.9515731334686279 55200
1773999799379 0.9508123397827148 56000
1773999894862 0.9501655697822571 56800
1773999991597 0.9497787356376648 57600
1774000087595 0.9493160247802734 58400
1774000181551 0.9485520720481873 59200
1774000275834 0.9481958150863647 60000
1774000371812 0.9476081132888794 60800
1774000471056 0.9467873573303223 61600
1774000567107 0.9463029503822327 62400
1774000661287 0.9457510709762573 63200
1774000760398 0.9451051950454712 64000
1774000856618 0.9447007179260254 64800
1774000953638 0.944125771522522 65600
1774001047876 0.9435837268829346 66400
1774001147241 0.943107008934021 67200
1774001241937 0.9429709315299988 68000
1774001337927 0.9426297545433044 68800
1774001434847 0.9418759346008301 69600
1774001531222 0.9411182999610901 70400
1774001627366 0.9403682947158813 71200
1774001721873 0.9397932887077332 72000
1774001818044 0.9393963813781738 72800
1774001914303 0.9388689398765564 73600
1774002009156 0.9383015632629395 74400
1774002108919 0.9375041723251343 75200
1774002205437 0.9368337392807007 76000
1774002302988 0.9364789724349976 76800
1774002397689 0.9357882738113403 77600
1774002495276 0.9354567527770996 78400
1774002591705 0.9347581267356873 79200
1774002689280 0.9340583086013794 80000
1774002789191 0.9331809878349304 80800
1774002883956 0.9324930310249329 81600
1774002978282 0.9322257041931152 82400
1774003067190 0.9319701194763184 83200
1774003154475 0.9314758777618408 84000
1774003243605 0.9311613440513611 84800
1774003335839 0.9308295845985413 85600
1774003423414 0.9301669001579285 86400
1774003512436 0.9295510053634644 87200
1774003599921 0.9287190437316895 88000
1774003690233 0.9283967614173889 88800
1774003779697 0.9278967976570129 89600
1774003872410 0.9271036386489868 90400
1774003961783 0.9265563488006592 91200
1774004051143 0.925748884677887 92000
1774004140403 0.9253050684928894 92800
1774004229903 0.9249069690704346 93600
1774004319498 0.9244146347045898 94400
1774004408576 0.924268901348114 95200
1774004497862 0.9233033657073975 96000
1774004588116 0.9227367639541626 96800
1774004678271 0.9223272204399109 97600
1774004768933 0.921891450881958 98400
1774004858451 0.9212930798530579 99200
1774004948793 0.9209521412849426 100000
1774005038539 0.9207045435905457 100800
1774005128351 0.919897198677063 101600
1774005216229 0.9196141362190247 102400
1774005306248 0.9192739129066467 103200
1774005394318 0.9192191362380981 104000
1774005483879 0.9185372591018677 104800
1774005573872 0.9176411628723145 105600
1774005662054 0.9170832633972168 106400
1774005751490 0.916603684425354 107200
1774005839606 0.916122317314148 108000
1774005932552 0.9153645634651184 108800
1774006022379 0.9146438241004944 109600
1774006112246 0.9139411449432373 110400
1774006200498 0.9136035442352295 111200
1774006288812 0.9132494926452637 112000
1774006377173 0.9126072525978088 112800
1774006468061 0.9123353958129883 113600
1774006558173 0.9116849303245544 114400
1774006648041 0.9112030863761902 115200
1774006736450 0.9112141132354736 116000
1774006826429 0.9106106162071228 116800
1774006916598 0.9102892279624939 117600
1774007005183 0.9098789691925049 118400
1774007093759 0.9091523885726929 119200
1774007183262 0.9085719585418701 120000
1774007274459 0.90798419713974 120800
1774007365105 0.9077047109603882 121600
1774007460243 0.907102108001709 122400
1774007561246 0.9066417813301086 123200
1774007659300 0.9063538908958435 124000
1774007755589 0.9057936668395996 124800
1774007853340 0.905022382736206 125600
1774007951269 0.9048016667366028 126400
1774008047795 0.9042912721633911 127200
1774008143781 0.9034909605979919 128000
1774008242454 0.902982771396637 128800
1774008340644 0.902631938457489 129600
1774008437134 0.9020233750343323 130400
1774008535329 0.901493489742279 131200
1774008638548 0.9009239673614502 132000
1774008735090 0.9001995325088501 132800
1774008834661 0.8996687531471252 133600
1774008933145 0.8997666239738464 134400
1774009030591 0.8994089365005493 135200
1774009127567 0.8992146253585815 136000
1774009225172 0.8988952040672302 136800
1774009322286 0.8984740376472473 137600
1774009420940 0.8981450796127319 138400
1774009518273 0.8976020216941833 139200
1774009615475 0.8968835473060608 140000
1774009715390 0.8964898586273193 140800
1774009815410 0.8959094882011414 141600
1774009913294 0.895088791847229 142400
1774010010715 0.8946141004562378 143200
1774010109989 0.8938086032867432 144000
1774010212541 0.8934181928634644 144800
1774010309901 0.8927572965621948 145600
1774010407260 0.892316997051239 146400
1774010509369 0.8919052481651306 147200
1774010611300 0.8912626504898071 148000
1774010713311 0.8907482028007507 148800
1774010818976 0.8904159069061279 149600
1774010925866 0.8897621035575867 150400
