1773993602796 -1.3072110050416086e-05 800
1773993699234 -0.0028986933175474405 1600
1773993793960 -0.005397831555455923 2400
1773993891158 -0.007082278374582529 3200
1773993983586 -0.007944012992084026 4000
1773994077429 -0.00898276548832655 4800
1773994174442 -0.009728002361953259 5600
1773994268346 -0.010279935784637928 6400
1773994362285 -0.010930795222520828 7200
1773994454604 -0.011434919200837612 8000
1773994542871 -0.01194150559604168 8800
1773994630737 -0.012041570618748665 9600
1773994717257 -0.01257109921425581 10400
1773994803949 -0.013061405159533024 11200
1773994891765 -0.01335841789841652 12000
1773994978456 -0.013866476714611053 12800
1773995064361 -0.014011923223733902 13600
1773995154597 -0.014254379086196423 14400
1773995244759 -0.0144729008898139 15200
1773995331409 -0.014699128456413746 16000
1773995418136 -0.014821621589362621 16800
1773995503468 -0.015277856960892677 17600
1773995590489 -0.01517600566148758 18400
1773995676145 -0.015534298494458199 19200
1773995761554 -0.015892449766397476 20000
1773995847002 -0.015933876857161522 20800
1773995934380 -0.01630653813481331 21600
1773996021549 -0.016462260857224464 22400
1773996111954 -0.016758644953370094 23200
1773996197497 -0.016786102205514908 24000
1773996283296 -0.016871077939867973 24800
1773996370904 -0.017115393653512 25600
1773996458083 -0.01735827885568142 26400
1773996545665 -0.017618224024772644 27200
1773996633155 -0.01777285523712635 28000
1773996721424 -0.01797114871442318 28800
1773996806996 -0.01805097423493862 29600
1773996894620 -0.0182491522282362 30400
1773996982993 -0.01844754070043564 31200
1773997070479 -0.018448784947395325 32000
1773997156404 -0.018592780455946922 32800
1773997243879 -0.01845962554216385 33600
1773997331672 -0.018448879942297935 34400
1773997420299 -0.018759459257125854 35200
1773997507945 -0.01891164481639862 36000
1773997595723 -0.01907317340373993 36800
1773997682156 -0.019248971715569496 37600
1773997773245 -0.019288375973701477 38400
1773997863835 -0.019524911418557167 39200
1773997951626 -0.019713327288627625 40000
1773998039429 -0.01988370716571808 40800
1773998130822 -0.019919821992516518 41600
1773998217083 -0.020055050030350685 42400
1773998305010 -0.02013346366584301 43200
1773998393731 -0.0203859880566597 44000
1773998480061 -0.020137690007686615 44800
1773998568133 -0.02049310877919197 45600
1773998657036 -0.020921019837260246 46400
1773998744816 -0.020802335813641548 47200
1773998840613 -0.021122688427567482 48000
1773998939313 -0.021062154322862625 48800
1773999040628 -0.021131932735443115 49600
1773999134538 -0.021249443292617798 50400
1773999228134 -0.021550161764025688 51200
1773999323419 -0.021920818835496902 52000
1773999418757 -0.021979229524731636 52800
1773999514153 -0.022048629820346832 53600
1773999608072 -0.02234152890741825 54400
1773999703556 -0.022408172488212585 55200
1773999799379 -0.02258579432964325 56000
1773999894862 -0.022591490298509598 56800
1773999991597 -0.022478222846984863 57600
1774000087595 -0.02257699891924858 58400
1774000181551 -0.022750599309802055 59200
1774000275834 -0.022797072306275368 60000
1774000371812 -0.022928543388843536 60800
1774000471056 -0.02328759990632534 61600
1774000567107 -0.02351887710392475 62400
1774000661287 -0.023366816341876984 63200
1774000760398 -0.023608390241861343 64000
1774000856618 -0.02353554405272007 64800
1774000953638 -0.023699898272752762 65600
1774001047876 -0.02383445017039776 66400
1774001147241 -0.02395997941493988 67200
1774001241937 -0.023900894448161125 68000
1774001337927 -0.023996617645025253 68800
1774001434847 -0.02410922944545746 69600
1774001531222 -0.024438906461000443 70400
1774001627366 -0.0245570819824934 71200
1774001721873 -0.024659760296344757 72000
1774001818044 -0.024792158976197243 72800
1774001914303 -0.024778053164482117 73600
1774002009156 -0.025021111592650414 74400
1774002108919 -0.025089802220463753 75200
1774002205437 -0.02527754195034504 76000
1774002302988 -0.02538170851767063 76800
1774002397689 -0.025419438257813454 77600
1774002495276 -0.02547202818095684 78400
1774002591705 -0.025584565475583076 79200
1774002689280 -0.025587048381567 80000
1774002789191 -0.02573770470917225 80800
1774002883956 -0.026005703955888748 81600
1774002978282 -0.025803955271840096 82400
1774003067190 -0.02573259547352791 83200
1774003154475 -0.025964176282286644 84000
1774003243605 -0.026049405336380005 84800
1774003335839 -0.025932393968105316 85600
1774003423414 -0.026100274175405502 86400
1774003512436 -0.026095278561115265 87200
1774003599921 -0.026435155421495438 88000
1774003690233 -0.026479551568627357 88800
1774003779697 -0.0265418142080307 89600
1774003872410 -0.026704929769039154 90400
1774003961783 -0.026737067848443985 91200
1774004051143 -0.0269064549356699 92000
1774004140403 -0.02699071355164051 92800
1774004229903 -0.02702348493039608 93600
1774004319498 -0.027105960994958878 94400
1774004408576 -0.027128834277391434 95200
1774004497862 -0.027490606531500816 96000
1774004588116 -0.027515947818756104 96800
1774004678271 -0.027689525857567787 97600
1774004768933 -0.027689488604664803 98400
1774004858451 -0.02802535519003868 99200
1774004948793 -0.027799200266599655 100000
1774005038539 -0.02760991081595421 100800
1774005128351 -0.028069468215107918 101600
1774005216229 -0.028192168101668358 102400
1774005306248 -0.028326082974672318 103200
1774005394318 -0.02838338539004326 104000
1774005483879 -0.028466487303376198 104800
1774005573872 -0.028720645233988762 105600
1774005662054 -0.028902171179652214 106400
1774005751490 -0.028700558468699455 107200
1774005839606 -0.028669534251093864 108000
1774005932552 -0.028916992247104645 108800
1774006022379 -0.028861811384558678 109600
1774006112246 -0.02904108539223671 110400
1774006200498 -0.02898913063108921 111200
1774006288812 -0.029264338314533234 112000
1774006377173 -0.029257534071803093 112800
1774006468061 -0.029262585565447807 113600
1774006558173 -0.029602928087115288 114400
1774006648041 -0.029739508405327797 115200
1774006736450 -0.029497884213924408 116000
1774006826429 -0.029660440981388092 116800
1774006916598 -0.029431529343128204 117600
1774007005183 -0.029699508100748062 118400
1774007093759 -0.029917454347014427 119200
1774007183262 -0.02999584563076496 120000
1774007274459 -0.029930027201771736 120800
1774007365105 -0.029970232397317886 121600
1774007460243 -0.0301529448479414 122400
1774007561246 -0.030174188315868378 123200
1774007659300 -0.030250344425439835 124000
1774007755589 -0.03013530746102333 124800
1774007853340 -0.03024630807340145 125600
1774007951269 -0.030192384496331215 126400
1774008047795 -0.030283818021416664 127200
1774008143781 -0.030408287420868874 128000
1774008242454 -0.03049221821129322 128800
1774008340644 -0.030437389388680458 129600
1774008437134 -0.030475229024887085 130400
1774008535329 -0.03063010796904564 131200
1774008638548 -0.030527262017130852 132000
1774008735090 -0.030794311314821243 132800
1774008834661 -0.03070818819105625 133600
1774008933145 -0.03056148812174797 134400
1774009030591 -0.03053630329668522 135200
1774009127567 -0.0307624489068985 136000
1774009225172 -0.030710022896528244 136800
1774009322286 -0.03089732863008976 137600
1774009420940 -0.030921954661607742 138400
1774009518273 -0.03097628988325596 139200
1774009615475 -0.031298600137233734 140000
1774009715390 -0.031275052577257156 140800
1774009815410 -0.03130088001489639 141600
1774009913294 -0.03123139962553978 142400
1774010010715 -0.03141934797167778 143200
1774010109989 -0.03161292523145676 144000
1774010212541 -0.031523894518613815 144800
1774010309901 -0.03165202587842941 145600
1774010407260 -0.031907953321933746 146400
1774010509369 -0.03206175938248634 147200
1774010611300 -0.031992357224226 148000
1774010713311 -0.031944211572408676 148800
1774010818976 -0.031900305300951004 149600
1774010925866 -0.032025307416915894 150400
