1773993602796 2099.937744140625 800
1773993699234 2015.6727294921875 1600
1773993793960 1962.0001220703125 2400
1773993891158 1891.01611328125 3200
1773993983586 1876.3013916015625 4000
1773994077429 1816.9801025390625 4800
1773994174442 1811.330810546875 5600
1773994268346 1796.198974609375 6400
1773994362285 1773.307861328125 7200
1773994454604 1781.898193359375 8000
1773994542871 1818.3917236328125 8800
1773994630737 1808.699462890625 9600
1773994717257 1833.8037109375 10400
1773994803949 1815.34912109375 11200
1773994891765 1834.7091064453125 12000
1773994978456 1819.789306640625 12800
1773995064361 1844.6170654296875 13600
1773995154597 1841.885986328125 14400
1773995244759 1837.3223876953125 15200
1773995331409 1833.1129150390625 16000
1773995418136 1811.23876953125 16800
1773995503468 1822.3446044921875 17600
1773995590489 1851.52783203125 18400
1773995676145 1845.3768310546875 19200
1773995761554 1819.5699462890625 20000
1773995847002 1890.4510498046875 20800
1773995934380 1829.674072265625 21600
1773996021549 1841.100341796875 22400
1773996111954 1838.187255859375 23200
1773996197497 1841.6871337890625 24000
1773996283296 1886.2813720703125 24800
1773996370904 1829.11669921875 25600
1773996458083 1834.869140625 26400
1773996545665 1849.634765625 27200
1773996633155 1863.27783203125 28000
1773996721424 1859.669921875 28800
1773996806996 1843.6068115234375 29600
1773996894620 1862.5177001953125 30400
1773996982993 1849.5634765625 31200
1773997070479 1829.904296875 32000
1773997156404 1834.410888671875 32800
1773997243879 1848.405029296875 33600
1773997331672 1902.965576171875 34400
1773997420299 1815.093017578125 35200
1773997507945 1854.314697265625 36000
1773997595723 1799.9644775390625 36800
1773997682156 1846.3953857421875 37600
1773997773245 1903.231201171875 38400
1773997863835 1883.174560546875 39200
1773997951626 1842.8297119140625 40000
1773998039429 1850.4007568359375 40800
1773998130822 1865.105712890625 41600
1773998217083 1814.388916015625 42400
1773998305010 1853.7105712890625 43200
1773998393731 1824.0899658203125 44000
1773998480061 1929.065185546875 44800
1773998568133 1890.5736083984375 45600
1773998657036 1810.953369140625 46400
1773998744816 1879.0068359375 47200
1773998840613 1796.5770263671875 48000
1773998939313 1845.8563232421875 48800
1773999040628 1876.4498291015625 49600
1773999134538 1890.14404296875 50400
1773999228134 1879.306396484375 51200
1773999323419 1853.8338623046875 52000
1773999418757 1839.6815185546875 52800
1773999514153 1933.957763671875 53600
1773999608072 1858.782470703125 54400
1773999703556 1861.873291015625 55200
1773999799379 1813.1480712890625 56000
1773999894862 1850.8634033203125 56800
1773999991597 1876.7763671875 57600
1774000087595 1881.435791015625 58400
1774000181551 1797.3924560546875 59200
1774000275834 1874.6898193359375 60000
1774000371812 1892.3974609375 60800
1774000471056 1851.199951171875 61600
1774000567107 1844.08984375 62400
1774000661287 1866.9093017578125 63200
1774000760398 1815.0584716796875 64000
1774000856618 1850.8736572265625 64800
1774000953638 1909.9957275390625 65600
1774001047876 1904.02978515625 66400
1774001147241 1839.1837158203125 67200
1774001241937 1864.80810546875 68000
1774001337927 1887.183349609375 68800
1774001434847 1887.2587890625 69600
1774001531222 1880.512939453125 70400
1774001627366 1852.914306640625 71200
1774001721873 1890.8856201171875 72000
1774001818044 1862.4344482421875 72800
1774001914303 1913.8792724609375 73600
1774002009156 1844.52783203125 74400
1774002108919 1836.982421875 75200
1774002205437 1877.4324951171875 76000
1774002302988 1861.8262939453125 76800
1774002397689 1846.8839111328125 77600
1774002495276 1873.846435546875 78400
1774002591705 1800.1195068359375 79200
1774002689280 1879.90234375 80000
1774002789191 1865.2178955078125 80800
1774002883956 1805.71435546875 81600
1774002978282 1870.974609375 82400
1774003067190 1919.83740234375 83200
1774003154475 1881.7899169921875 84000
1774003243605 1879.7178955078125 84800
1774003335839 1843.0631103515625 85600
1774003423414 1872.1781005859375 86400
1774003512436 1922.4881591796875 87200
1774003599921 1848.9105224609375 88000
1774003690233 1870.205078125 88800
1774003779697 1915.896728515625 89600
1774003872410 1862.5831298828125 90400
1774003961783 1890.008544921875 91200
1774004051143 1861.495361328125 92000
1774004140403 1834.4241943359375 92800
1774004229903 1814.0684814453125 93600
1774004319498 1890.894287109375 94400
1774004408576 1866.8525390625 95200
1774004497862 1808.7808837890625 96000
1774004588116 1877.5096435546875 96800
1774004678271 1875.6163330078125 97600
1774004768933 1938.8333740234375 98400
1774004858451 1807.61328125 99200
1774004948793 1841.437255859375 100000
1774005038539 1954.6810302734375 100800
1774005128351 1815.9896240234375 101600
1774005216229 1864.806640625 102400
1774005306248 1901.5416259765625 103200
1774005394318 1888.2821044921875 104000
1774005483879 1885.7833251953125 104800
1774005573872 1876.4671630859375 105600
1774005662054 1809.2799072265625 106400
1774005751490 1899.51220703125 107200
1774005839606 1925.54931640625 108000
1774005932552 1803.049072265625 108800
1774006022379 1850.1949462890625 109600
1774006112246 1895.37109375 110400
1774006200498 1904.986328125 111200
1774006288812 1845.13623046875 112000
1774006377173 1945.047119140625 112800
1774006468061 1950.21826171875 113600
1774006558173 1899.8289794921875 114400
1774006648041 1833.5224609375 115200
1774006736450 1836.4632568359375 116000
1774006826429 1807.7813720703125 116800
1774006916598 1952.14404296875 117600
1774007005183 1862.7408447265625 118400
1774007093759 1867.984375 119200
1774007183262 1865.928466796875 120000
1774007274459 1819.495361328125 120800
1774007365105 1809.496826171875 121600
1774007460243 1861.7591552734375 122400
1774007561246 1902.7734375 123200
1774007659300 1923.5179443359375 124000
1774007755589 1921.343505859375 124800
1774007853340 1867.0596923828125 125600
1774007951269 1845.561279296875 126400
1774008047795 1849.7415771484375 127200
1774008143781 1894.58740234375 128000
1774008242454 1880.8583984375 128800
1774008340644 1891.238037109375 129600
1774008437134 1823.783203125 130400
1774008535329 1829.03369140625 131200
1774008638548 1877.6558837890625 132000
1774008735090 1806.0140380859375 132800
1774008834661 1876.3199462890625 133600
1774008933145 1866.265380859375 134400
1774009030591 1953.6129150390625 135200
1774009127567 1900.8333740234375 136000
1774009225172 1948.7056884765625 136800
1774009322286 1897.751220703125 137600
1774009420940 1942.9720458984375 138400
1774009518273 1967.8145751953125 139200
1774009615475 1859.874755859375 140000
1774009715390 1845.59033203125 140800
1774009815410 1852.19482421875 141600
1774009913294 1949.6455078125 142400
1774010010715 1884.8741455078125 143200
1774010109989 1911.8494873046875 144000
1774010212541 2006.5179443359375 144800
1774010309901 2002.9739990234375 145600
1774010407260 1901.99853515625 146400
1774010509369 1828.5731201171875 147200
1774010611300 1895.45556640625 148000
1774010713311 1960.1121826171875 148800
1774010818976 1925.5594482421875 149600
1774010925866 1908.017333984375 150400
