1773993602796 -28869.9140625 800
1773993699234 -29934.23046875 1600
1773993793960 -30555.83203125 2400
1773993891158 -31544.5 3200
1773993983586 -31566.6875 4000
1773994077429 -33059.25390625 4800
1773994174442 -33275.19140625 5600
1773994268346 -33895.078125 6400
1773994362285 -35051.97265625 7200
1773994454604 -35555.9296875 8000
1773994542871 -35627.359375 8800
1773994630737 -36414.265625 9600
1773994717257 -36933.1328125 10400
1773994803949 -37628.7734375 11200
1773994891765 -38042.7890625 12000
1773994978456 -38666.29296875 12800
1773995064361 -38494.2734375 13600
1773995154597 -38676.375 14400
1773995244759 -38547.9375 15200
1773995331409 -38634.6875 16000
1773995418136 -39173.890625 16800
1773995503468 -40077.8359375 17600
1773995590489 -39453.22265625 18400
1773995676145 -39740.5078125 19200
1773995761554 -40195.3515625 20000
1773995847002 -38957.65234375 20800
1773995934380 -39392.515625 21600
1773996021549 -39022.4921875 22400
1773996111954 -39303.3203125 23200
1773996197497 -39513.7578125 24000
1773996283296 -38781.0625 24800
1773996370904 -39331.11328125 25600
1773996458083 -39631.56640625 26400
1773996545665 -39650.9375 27200
1773996633155 -39338.4609375 28000
1773996721424 -39859.25 28800
1773996806996 -40168.68359375 29600
1773996894620 -40308.76171875 30400
1773996982993 -40223.0859375 31200
1773997070479 -40598.25 32000
1773997156404 -41206.56640625 32800
1773997243879 -40608.05078125 33600
1773997331672 -39792.5234375 34400
1773997420299 -40457.3515625 35200
1773997507945 -39787.578125 36000
1773997595723 -40214.59765625 36800
1773997682156 -39837.73046875 37600
1773997773245 -38867.43359375 38400
1773997863835 -39408.09765625 39200
1773997951626 -39785.1171875 40000
1773998039429 -40047.765625 40800
1773998130822 -39696.7578125 41600
1773998217083 -39870.234375 42400
1773998305010 -39882.453125 43200
1773998393731 -40476.9765625 44000
1773998480061 -39092.94140625 44800
1773998568133 -39537.640625 45600
1773998657036 -40052.953125 46400
1773998744816 -39369.5546875 47200
1773998840613 -40615.01171875 48000
1773998939313 -40053.2578125 48800
1773999040628 -39550.765625 49600
1773999134538 -39548.53125 50400
1773999228134 -39663.078125 51200
1773999323419 -40304.3671875 52000
1773999418757 -40245.6171875 52800
1773999514153 -39211.81640625 53600
1773999608072 -40056.88671875 54400
1773999703556 -39661.50390625 55200
1773999799379 -40461.015625 56000
1773999894862 -39968.5390625 56800
1773999991597 -39585.2890625 57600
1774000087595 -39761.4296875 58400
1774000181551 -40607.41796875 59200
1774000275834 -39563.1875 60000
1774000371812 -39561.62890625 60800
1774000471056 -39968.0234375 61600
1774000567107 -39705.796875 62400
1774000661287 -39072.875 63200
1774000760398 -39965.36328125 64000
1774000856618 -39894.0 64800
1774000953638 -39373.1953125 65600
1774001047876 -39460.6484375 66400
1774001147241 -40444.25 67200
1774001241937 -40249.1875 68000
1774001337927 -39762.7109375 68800
1774001434847 -39897.69140625 69600
1774001531222 -40203.3828125 70400
1774001627366 -40623.40625 71200
1774001721873 -40344.1015625 72000
1774001818044 -39920.35546875 72800
1774001914303 -39287.2734375 73600
1774002009156 -39841.77734375 74400
1774002108919 -40393.29296875 75200
1774002205437 -40187.45703125 76000
1774002302988 -39869.62109375 76800
1774002397689 -40108.6328125 77600
1774002495276 -39974.625 78400
1774002591705 -40898.58203125 79200
1774002689280 -40569.453125 80000
1774002789191 -40436.8515625 80800
1774002883956 -41325.640625 81600
1774002978282 -40520.51953125 82400
1774003067190 -39870.328125 83200
1774003154475 -39856.2734375 84000
1774003243605 -39689.1171875 84800
1774003335839 -39816.72265625 85600
1774003423414 -39564.140625 86400
1774003512436 -39551.17578125 87200
1774003599921 -40166.95703125 88000
1774003690233 -40463.3125 88800
1774003779697 -39817.62890625 89600
1774003872410 -40474.296875 90400
1774003961783 -39974.125 91200
1774004051143 -40444.71875 92000
1774004140403 -40177.203125 92800
1774004229903 -40231.9296875 93600
1774004319498 -39822.61328125 94400
1774004408576 -39966.26171875 95200
1774004497862 -40415.1640625 96000
1774004588116 -39765.2265625 96800
1774004678271 -39753.50390625 97600
1774004768933 -39272.453125 98400
1774004858451 -40413.953125 99200
1774004948793 -40158.35546875 100000
1774005038539 -39053.43359375 100800
1774005128351 -40226.45703125 101600
1774005216229 -39992.26953125 102400
1774005306248 -39379.890625 103200
1774005394318 -39186.9453125 104000
1774005483879 -38995.8203125 104800
1774005573872 -39657.0078125 105600
1774005662054 -40269.82421875 106400
1774005751490 -39133.3828125 107200
1774005839606 -38926.28125 108000
1774005932552 -40025.2265625 108800
1774006022379 -39635.796875 109600
1774006112246 -39540.21875 110400
1774006200498 -39445.140625 111200
1774006288812 -40366.05859375 112000
1774006377173 -39774.1875 112800
1774006468061 -39603.19921875 113600
1774006558173 -39755.0234375 114400
1774006648041 -40368.2734375 115200
1774006736450 -40143.13671875 116000
1774006826429 -40467.05859375 116800
1774006916598 -39119.34375 117600
1774007005183 -39793.71875 118400
1774007093759 -39493.1015625 119200
1774007183262 -39739.09375 120000
1774007274459 -40737.48828125 120800
1774007365105 -40466.359375 121600
1774007460243 -39882.484375 122400
1774007561246 -39458.9140625 123200
1774007659300 -39218.6015625 124000
1774007755589 -39407.4453125 124800
1774007853340 -39825.70703125 125600
1774007951269 -39927.2421875 126400
1774008047795 -39675.4453125 127200
1774008143781 -39291.95703125 128000
1774008242454 -39595.796875 128800
1774008340644 -39270.4921875 129600
1774008437134 -39686.26171875 130400
1774008535329 -39716.453125 131200
1774008638548 -39374.921875 132000
1774008735090 -40342.0390625 132800
1774008834661 -39602.515625 133600
1774008933145 -40295.6171875 134400
1774009030591 -38772.5703125 135200
1774009127567 -39097.390625 136000
1774009225172 -38801.796875 136800
1774009322286 -39250.3046875 137600
1774009420940 -38873.8828125 138400
1774009518273 -38597.171875 139200
1774009615475 -39770.64453125 140000
1774009715390 -39200.8828125 140800
1774009815410 -39198.00390625 141600
1774009913294 -38407.390625 142400
1774010010715 -38756.015625 143200
1774010109989 -38819.1171875 144000
1774010212541 -38117.5078125 144800
1774010309901 -38314.36328125 145600
1774010407260 -38850.7578125 146400
1774010509369 -40048.94140625 147200
1774010611300 -39059.6171875 148000
1774010713311 -38775.68359375 148800
1774010818976 -39034.5625 149600
1774010925866 -38633.7421875 150400
