1773993602796 1.1132138734039596 800
1773993699234 1.0981513063636066 1600
1773993793960 1.1031657519743006 2400
1773993891158 1.0895568702145642 3200
1773993983586 1.1086386509980877 4000
1773994077429 1.093426670383824 4800
1773994174442 1.1002378197551992 5600
1773994268346 1.0993800538742247 6400
1773994362285 1.0912588460811528 7200
1773994454604 1.1022673335694282 8000
1773994542871 1.1192276819839622 8800
1773994630737 1.118155690576282 9600
1773994717257 1.1303511189725297 10400
1773994803949 1.119762679264886 11200
1773994891765 1.1269379636346617 12000
1773994978456 1.118109239544864 12800
1773995064361 1.1282792920047442 13600
1773995154597 1.128245196771414 14400
1773995244759 1.1258989839108822 15200
1773995331409 1.125922057219494 16000
1773995418136 1.1161809877831632 16800
1773995503468 1.1169918754590404 17600
1773995590489 1.1312255500645707 18400
1773995676145 1.128663196528436 19200
1773995761554 1.1176716408354568 20000
1773995847002 1.1458183733748668 20800
1773995934380 1.1248969794755725 21600
1773996021549 1.129007306968297 22400
1773996111954 1.1287588115964615 23200
1773996197497 1.1304685462433177 24000
1773996283296 1.1473643918598728 24800
1773996370904 1.125667037516662 25600
1773996458083 1.127801944078565 26400
1773996545665 1.1331257878791567 27200
1773996633155 1.1365068194528496 28000
1773996721424 1.1362545369394685 28800
1773996806996 1.1309193136929019 29600
1773996894620 1.1346718738964565 30400
1773996982993 1.1314656762770414 31200
1773997070479 1.1248140287905728 32000
1773997156404 1.1212350776499325 32800
1773997243879 1.1289058790698117 33600
1773997331672 1.1496120746506804 34400
1773997420299 1.1238696424950787 35200
1773997507945 1.1376189597269806 36000
1773997595723 1.120459260548559 36800
1773997682156 1.13265307362314 37600
1773997773245 1.1509110340246873 38400
1773997863835 1.1451083883555884 39200
1773997951626 1.1311049864818254 40000
1773998039429 1.1311644627424098 40800
1773998130822 1.1347345688244084 41600
1773998217083 1.1241266551865883 42400
1773998305010 1.1351825294803872 43200
1773998393731 1.1235650540235533 44000
1773998480061 1.1582173978092043 44800
1773998568133 1.1469414157677713 45600
1773998657036 1.1200652634534856 46400
1773998744816 1.1432628713097956 47200
1773998840613 1.115680387381852 48000
1773998939313 1.1314847263452736 48800
1773999040628 1.14196730386315 49600
1773999134538 1.144763717962603 50400
1773999228134 1.142219079425393 51200
1773999323419 1.132519745636993 52000
1773999418757 1.1292318068383547 52800
1773999514153 1.1572564623802775 53600
1773999608072 1.1327614903432779 54400
1773999703556 1.134142878723552 55200
1773999799379 1.1193083970342521 56000
1773999894862 1.1310097418462455 56800
1773999991597 1.1405628235380987 57600
1774000087595 1.1419096165275044 58400
1774000181551 1.1129953744840824 59200
1774000275834 1.1394480106574258 60000
1774000371812 1.144381094089386 60800
1774000471056 1.1316321296981326 61600
1774000567107 1.1279445246528417 62400
1774000661287 1.1364565342026387 63200
1774000760398 1.1173889550758545 64000
1774000856618 1.1316131756181604 64800
1774000953638 1.1496652177063837 65600
1774001047876 1.1467116442630534 66400
1774001147241 1.1260087795631013 67200
1774001241937 1.1346290417576848 68000
1774001337927 1.1420013106333973 68800
1774001434847 1.1415877114761819 69600
1774001531222 1.1373401139253392 70400
1774001627366 1.128576645133677 71200
1774001721873 1.1425131205256063 72000
1774001818044 1.1347581432327611 72800
1774001914303 1.1476593554870316 73600
1774002009156 1.1269622524331284 74400
1774002108919 1.126232636976645 75200
1774002205437 1.138314534100542 76000
1774002302988 1.1321530153240862 76800
1774002397689 1.129779605626282 77600
1774002495276 1.1374673622255342 78400
1774002591705 1.1168695982958827 79200
1774002689280 1.1419068877678966 80000
1774002789191 1.1369620651115626 80800
1774002883956 1.1162853142698197 81600
1774002978282 1.1400319762284665 82400
1774003067190 1.1517192594845398 83200
1774003154475 1.1409819344975007 84000
1774003243605 1.140781312374526 84800
1774003335839 1.131209673455883 85600
1774003423414 1.1383421228631658 86400
1774003512436 1.1537517044934447 87200
1774003599921 1.1330023190159122 88000
1774003690233 1.1399252935548934 88800
1774003779697 1.1521714470529059 89600
1774003872410 1.1387966516792571 90400
1774003961783 1.1471102648254412 91200
1774004051143 1.1385301963136865 92000
1774004140403 1.129353390499229 92800
1774004229903 1.1214799232278982 93600
1774004319498 1.1457838505846318 94400
1774004408576 1.1410170894350646 95200
1774004497862 1.1204873359411567 96000
1774004588116 1.1409283204130511 96800
1774004678271 1.1389455782665039 97600
1774004768933 1.1559288759611859 98400
1774004858451 1.121230070845913 99200
1774004948793 1.1330898323422463 100000
1774005038539 1.162082777036048 100800
1774005128351 1.1228762495335927 101600
1774005216229 1.1360689414360323 102400
1774005306248 1.144956613284295 103200
1774005394318 1.1422179441932117 104000
1774005483879 1.1416041859122328 104800
1774005573872 1.1367484904326999 105600
1774005662054 1.1190638881550958 106400
1774005751490 1.143995485006253 107200
1774005839606 1.1506789080737925 108000
1774005932552 1.1179428853920654 108800
1774006022379 1.1304160188828074 109600
1774006112246 1.1379473483674054 110400
1774006200498 1.1416870535653991 111200
1774006288812 1.1264835407156497 112000
1774006377173 1.1521629023944127 112800
1774006468061 1.1542843791284139 113600
1774006558173 1.1401761460403144 114400
1774006648041 1.124810603471284 115200
1774006736450 1.1291563343526347 116000
1774006826429 1.1203154889784868 116800
1774006916598 1.1576871407473872 117600
1774007005183 1.1364310572997027 118400
1774007093759 1.1335052720839718 119200
1774007183262 1.1331707639781745 120000
1774007274459 1.12536747472431 120800
1774007365105 1.121383645690307 121600
1774007460243 1.1329082244585524 122400
1774007561246 1.1408435825449863 123200
1774007659300 1.147324294755444 124000
1774007755589 1.1483663719335842 124800
1774007853340 1.1361801262480307 125600
1774007951269 1.1319141556004355 126400
1774008047795 1.1312531713805285 127200
1774008143781 1.1395623607688838 128000
1774008242454 1.1357373131281137 128800
1774008340644 1.140162519868565 129600
1774008437134 1.1265457710005298 130400
1774008535329 1.1274499056666696 131200
1774008638548 1.1393015652924412 132000
1774008735090 1.120955522734434 132800
1774008834661 1.1384590535728165 133600
1774008933145 1.1390127759563917 134400
1774009030591 1.159446522877674 135200
1774009127567 1.1450893554847692 136000
1774009225172 1.1573791735419203 136800
1774009322286 1.1444887903181624 137600
1774009420940 1.1533334265989144 138400
1774009518273 1.1575479391654169 139200
1774009615475 1.1313944437703283 140000
1774009715390 1.129526134013021 140800
1774009815410 1.1322161455706472 141600
1774009913294 1.154148936998534 142400
1774010010715 1.1391576471043252 143200
1774010109989 1.1442526357895417 144000
1774010212541 1.1675450986131948 144800
1774010309901 1.1654709462549113 145600
1774010407260 1.1416838866822399 146400
1774010509369 1.125194933784397 147200
1774010611300 1.1401413858340874 148000
1774010713311 1.155874409952894 148800
1774010818976 1.1504951107876418 149600
1774010925866 1.1440782720071465 150400
