1773993602796 0.001192531082779169 800
1773993699234 -0.0006532452534884214 1600
1773993793960 -0.0026708715595304966 2400
1773993891158 -0.004187462385743856 3200
1773993983586 -0.005321348085999489 4000
1773994077429 -0.006715357769280672 4800
1773994174442 -0.00758239533752203 5600
1773994268346 -0.008069663308560848 6400
1773994362285 -0.008830174803733826 7200
1773994454604 -0.00939437560737133 8000
1773994542871 -0.010004562325775623 8800
1773994630737 -0.010248890146613121 9600
1773994717257 -0.01095361728221178 10400
1773994803949 -0.01144282054156065 11200
1773994891765 -0.011929583735764027 12000
1773994978456 -0.012520378455519676 12800
1773995064361 -0.012589968740940094 13600
1773995154597 -0.012770267203450203 14400
1773995244759 -0.012807085178792477 15200
1773995331409 -0.013011807575821877 16000
1773995418136 -0.013135564513504505 16800
1773995503468 -0.01371333934366703 17600
1773995590489 -0.013460501097142696 18400
1773995676145 -0.01383056491613388 19200
1773995761554 -0.014179063029587269 20000
1773995847002 -0.014210197143256664 20800
1773995934380 -0.014352072030305862 21600
1773996021549 -0.014407772570848465 22400
1773996111954 -0.014813151210546494 23200
1773996197497 -0.015262339264154434 24000
1773996283296 -0.015546996146440506 24800
1773996370904 -0.01597883366048336 25600
1773996458083 -0.01630864292383194 26400
1773996545665 -0.016791369765996933 27200
1773996633155 -0.01687162183225155 28000
1773996721424 -0.017182737588882446 28800
1773996806996 -0.017238251864910126 29600
1773996894620 -0.0175651665776968 30400
1773996982993 -0.017793819308280945 31200
1773997070479 -0.01778152771294117 32000
1773997156404 -0.01812346652150154 32800
1773997243879 -0.01809868775308132 33600
1773997331672 -0.018229149281978607 34400
1773997420299 -0.018443848937749863 35200
1773997507945 -0.018471281975507736 36000
1773997595723 -0.01861550472676754 36800
1773997682156 -0.019033363088965416 37600
1773997773245 -0.019226180389523506 38400
1773997863835 -0.01958278752863407 39200
1773997951626 -0.01984533667564392 40000
1773998039429 -0.020248956978321075 40800
1773998130822 -0.02044351026415825 41600
1773998217083 -0.02050890401005745 42400
1773998305010 -0.020732365548610687 43200
1773998393731 -0.021252470090985298 44000
1773998480061 -0.02101818285882473 44800
1773998568133 -0.021264027804136276 45600
1773998657036 -0.02150055021047592 46400
1773998744816 -0.021431392058730125 47200
1773998840613 -0.021932328119874 48000
1773998939313 -0.02188781648874283 48800
1773999040628 -0.021913966163992882 49600
1773999134538 -0.0222870334982872 50400
1773999228134 -0.022592006251215935 51200
1773999323419 -0.023333735764026642 52000
1773999418757 -0.02329850383102894 52800
1773999514153 -0.023308521136641502 53600
1773999608072 -0.023654302582144737 54400
1773999703556 -0.02376910299062729 55200
1773999799379 -0.024039210751652718 56000
1773999894862 -0.024230116978287697 56800
1773999991597 -0.02393941767513752 57600
1774000087595 -0.02412763424217701 58400
1774000181551 -0.024353403598070145 59200
1774000275834 -0.024461114779114723 60000
1774000371812 -0.024785052984952927 60800
1774000471056 -0.024882931262254715 61600
1774000567107 -0.02498112991452217 62400
1774000661287 -0.024686435237526894 63200
1774000760398 -0.02522081322968006 64000
1774000856618 -0.02513674832880497 64800
1774000953638 -0.025485103949904442 65600
1774001047876 -0.025468023493885994 66400
1774001147241 -0.025729037821292877 67200
1774001241937 -0.025520654395222664 68000
1774001337927 -0.025632305070757866 68800
1774001434847 -0.02585054561495781 69600
1774001531222 -0.02630480006337166 70400
1774001627366 -0.02651309408247471 71200
1774001721873 -0.026777220889925957 72000
1774001818044 -0.026547228917479515 72800
1774001914303 -0.02651691623032093 73600
1774002009156 -0.02683279849588871 74400
1774002108919 -0.027189888060092926 75200
1774002205437 -0.027599595487117767 76000
1774002302988 -0.02752915397286415 76800
1774002397689 -0.027483336627483368 77600
1774002495276 -0.027501514181494713 78400
1774002591705 -0.027761967852711678 79200
1774002689280 -0.02806500904262066 80000
1774002789191 -0.02830583229660988 80800
1774002883956 -0.028752010315656662 81600
1774002978282 -0.028556883335113525 82400
1774003067190 -0.0285772867500782 83200
1774003154475 -0.02859652042388916 84000
1774003243605 -0.028603332117199898 84800
1774003335839 -0.02843724936246872 85600
1774003423414 -0.02855774015188217 86400
1774003512436 -0.02887110598385334 87200
1774003599921 -0.029117561876773834 88000
1774003690233 -0.029454873874783516 88800
1774003779697 -0.029542773962020874 89600
1774003872410 -0.02981738932430744 90400
1774003961783 -0.02999293990433216 91200
1774004051143 -0.030370112508535385 92000
1774004140403 -0.030329298228025436 92800
1774004229903 -0.030367324128746986 93600
1774004319498 -0.03082174062728882 94400
1774004408576 -0.030889766290783882 95200
1774004497862 -0.03128195181488991 96000
1774004588116 -0.031210774555802345 96800
1774004678271 -0.03132696822285652 97600
1774004768933 -0.03149090334773064 98400
1774004858451 -0.03151983395218849 99200
1774004948793 -0.031445302069187164 100000
1774005038539 -0.031229259446263313 100800
1774005128351 -0.031589556485414505 101600
1774005216229 -0.03210224583745003 102400
1774005306248 -0.03214701637625694 103200
1774005394318 -0.03213700279593468 104000
1774005483879 -0.0321882888674736 104800
1774005573872 -0.03287222981452942 105600
1774005662054 -0.03298589959740639 106400
1774005751490 -0.032745812088251114 107200
1774005839606 -0.0325838103890419 108000
1774005932552 -0.03270148113369942 108800
1774006022379 -0.032581958919763565 109600
1774006112246 -0.03283652663230896 110400
1774006200498 -0.032879073172807693 111200
1774006288812 -0.033277466893196106 112000
1774006377173 -0.03330868482589722 112800
1774006468061 -0.03318670392036438 113600
1774006558173 -0.033268216997385025 114400
1774006648041 -0.03331746533513069 115200
1774006736450 -0.033047329634428024 116000
1774006826429 -0.03320780768990517 116800
1774006916598 -0.03297710791230202 117600
1774007005183 -0.03284880891442299 118400
1774007093759 -0.033100660890340805 119200
1774007183262 -0.03323325514793396 120000
1774007274459 -0.033604029566049576 120800
1774007365105 -0.033311471343040466 121600
1774007460243 -0.033354390412569046 122400
1774007561246 -0.033284466713666916 123200
1774007659300 -0.03344811499118805 124000
1774007755589 -0.03360874578356743 124800
1774007853340 -0.03358175978064537 125600
1774007951269 -0.03336711972951889 126400
1774008047795 -0.033412788063287735 127200
1774008143781 -0.03358503803610802 128000
1774008242454 -0.033787816762924194 128800
1774008340644 -0.03390803560614586 129600
1774008437134 -0.033814072608947754 130400
1774008535329 -0.034188129007816315 131200
1774008638548 -0.033944789320230484 132000
1774008735090 -0.034350134432315826 132800
1774008834661 -0.034094929695129395 133600
1774008933145 -0.034090619534254074 134400
1774009030591 -0.03386742249131203 135200
1774009127567 -0.03394376486539841 136000
1774009225172 -0.03388621658086777 136800
1774009322286 -0.034033577889204025 137600
1774009420940 -0.03404901921749115 138400
1774009518273 -0.03384797275066376 139200
1774009615475 -0.03434499725699425 140000
1774009715390 -0.03374604880809784 140800
1774009815410 -0.033913735300302505 141600
1774009913294 -0.033990103751420975 142400
1774010010715 -0.033755190670490265 143200
1774010109989 -0.03385654836893082 144000
1774010212541 -0.03418342024087906 144800
1774010309901 -0.03486908599734306 145600
1774010407260 -0.03469782695174217 146400
1774010509369 -0.03499092534184456 147200
1774010611300 -0.03460243344306946 148000
1774010713311 -0.03485613316297531 148800
1774010818976 -0.034732844680547714 149600
1774010925866 -0.034158919006586075 150400
