1773993602796 4620.27294921875 800
1773993699234 4418.6103515625 1600
1773993793960 4266.95556640625 2400
1773993891158 4085.65185546875 3200
1773993983586 3982.326171875 4000
1773994077429 3830.033203125 4800
1773994174442 3773.062255859375 5600
1773994268346 3717.214599609375 6400
1773994362285 3655.147216796875 7200
1773994454604 3649.396728515625 8000
1773994542871 3652.79833984375 8800
1773994630737 3613.580810546875 9600
1773994717257 3619.21826171875 10400
1773994803949 3604.255126953125 11200
1773994891765 3603.586181640625 12000
1773994978456 3600.947998046875 12800
1773995064361 3606.763427734375 13600
1773995154597 3602.6611328125 14400
1773995244759 3599.66748046875 15200
1773995331409 3592.547607421875 16000
1773995418136 3582.34912109375 16800
1773995503468 3597.318115234375 17600
1773995590489 3598.72705078125 18400
1773995676145 3600.83740234375 19200
1773995761554 3596.6572265625 20000
1773995847002 3610.78857421875 20800
1773995934380 3596.555908203125 21600
1773996021549 3599.39111328125 22400
1773996111954 3598.207275390625 23200
1773996197497 3596.295166015625 24000
1773996283296 3599.513427734375 24800
1773996370904 3581.4111328125 25600
1773996458083 3586.32568359375 26400
1773996545665 3591.572998046875 27200
1773996633155 3599.227783203125 28000
1773996721424 3595.083740234375 28800
1773996806996 3591.39111328125 29600
1773996894620 3598.445556640625 30400
1773996982993 3592.4873046875 31200
1773997070479 3589.35498046875 32000
1773997156404 3601.859130859375 32800
1773997243879 3590.947509765625 33600
1773997331672 3595.08740234375 34400
1773997420299 3572.351318359375 35200
1773997507945 3579.1708984375 36000
1773997595723 3566.031494140625 36800
1773997682156 3579.072021484375 37600
1773997773245 3594.66552734375 38400
1773997863835 3588.113037109375 39200
1773997951626 3572.2919921875 40000
1773998039429 3576.069580078125 40800
1773998130822 3576.073486328125 41600
1773998217083 3557.58056640625 42400
1773998305010 3567.30322265625 43200
1773998393731 3560.41943359375 44000
1773998480061 3588.031982421875 44800
1773998568133 3579.416259765625 45600
1773998657036 3559.850341796875 46400
1773998744816 3581.7568359375 47200
1773998840613 3554.80615234375 48000
1773998939313 3565.776611328125 48800
1773999040628 3574.72314453125 49600
1773999134538 3576.728759765625 50400
1773999228134 3577.350341796875 51200
1773999323419 3568.439208984375 52000
1773999418757 3560.1953125 52800
1773999514153 3601.4462890625 53600
1773999608072 3569.04443359375 54400
1773999703556 3568.0068359375 55200
1773999799379 3549.190673828125 56000
1773999894862 3560.442626953125 56800
1773999991597 3569.63037109375 57600
1774000087595 3570.956787109375 58400
1774000181551 3541.7080078125 59200
1774000275834 3569.749755859375 60000
1774000371812 3574.19140625 60800
1774000471056 3566.689453125 61600
1774000567107 3571.031005859375 62400
1774000661287 3576.954345703125 63200
1774000760398 3550.37353515625 64000
1774000856618 3561.379638671875 64800
1774000953638 3588.55517578125 65600
1774001047876 3587.732177734375 66400
1774001147241 3555.69775390625 67200
1774001241937 3560.041015625 68000
1774001337927 3562.51611328125 68800
1774001434847 3563.831298828125 69600
1774001531222 3569.027099609375 70400
1774001627366 3557.146484375 71200
1774001721873 3573.767578125 72000
1774001818044 3566.8427734375 72800
1774001914303 3594.69384765625 73600
1774002009156 3565.833251953125 74400
1774002108919 3555.26025390625 75200
1774002205437 3577.006103515625 76000
1774002302988 3569.664794921875 76800
1774002397689 3555.992431640625 77600
1774002495276 3570.072265625 78400
1774002591705 3527.603271484375 79200
1774002689280 3564.790283203125 80000
1774002789191 3556.97265625 80800
1774002883956 3529.0322265625 81600
1774002978282 3550.081298828125 82400
1774003067190 3568.9736328125 83200
1774003154475 3560.48291015625 84000
1774003243605 3559.896484375 84800
1774003335839 3531.2783203125 85600
1774003423414 3548.583251953125 86400
1774003512436 3566.316650390625 87200
1774003599921 3540.23828125 88000
1774003690233 3541.486328125 88800
1774003779697 3562.7353515625 89600
1774003872410 3537.359130859375 90400
1774003961783 3547.634765625 91200
1774004051143 3536.49462890625 92000
1774004140403 3525.31787109375 92800
1774004229903 3513.244873046875 93600
1774004319498 3542.94580078125 94400
1774004408576 3528.45654296875 95200
1774004497862 3514.12744140625 96000
1774004588116 3546.984130859375 96800
1774004678271 3552.24072265625 97600
1774004768933 3581.99755859375 98400
1774004858451 3519.45947265625 99200
1774004948793 3522.50927734375 100000
1774005038539 3574.8466796875 100800
1774005128351 3522.25634765625 101600
1774005216229 3543.767578125 102400
1774005306248 3570.964599609375 103200
1774005394318 3567.44140625 104000
1774005483879 3565.531494140625 104800
1774005573872 3557.82958984375 105600
1774005662054 3522.97607421875 106400
1774005751490 3568.443115234375 107200
1774005839606 3583.897216796875 108000
1774005932552 3516.58837890625 108800
1774006022379 3540.42529296875 109600
1774006112246 3580.9326171875 110400
1774006200498 3572.36865234375 111200
1774006288812 3543.3427734375 112000
1774006377173 3600.72705078125 112800
1774006468061 3596.064208984375 113600
1774006558173 3581.427734375 114400
1774006648041 3537.212890625 115200
1774006736450 3521.917724609375 116000
1774006826429 3510.6689453125 116800
1774006916598 3577.322998046875 117600
1774007005183 3533.31298828125 118400
1774007093759 3547.33740234375 119200
1774007183262 3545.53076171875 120000
1774007274459 3505.10986328125 120800
1774007365105 3502.2587890625 121600
1774007460243 3538.46728515625 122400
1774007561246 3575.90380859375 123200
1774007659300 3585.923828125 124000
1774007755589 3559.173828125 124800
1774007853340 3530.967041015625 125600
1774007951269 3512.834716796875 126400
1774008047795 3519.3232421875 127200
1774008143781 3557.71826171875 128000
1774008242454 3549.439697265625 128800
1774008340644 3545.150390625 129600
1774008437134 3501.596435546875 130400
1774008535329 3499.7666015625 131200
1774008638548 3525.86279296875 132000
1774008735090 3493.748779296875 132800
1774008834661 3524.7568359375 133600
1774008933145 3506.722900390625 134400
1774009030591 3557.407958984375 135200
1774009127567 3536.448486328125 136000
1774009225172 3554.541015625 136800
1774009322286 3535.0205078125 137600
1774009420940 3566.22021484375 138400
1774009518273 3585.2275390625 139200
1774009615475 3522.8642578125 140000
1774009715390 3520.19189453125 140800
1774009815410 3514.322021484375 141600
1774009913294 3569.366943359375 142400
1774010010715 3537.518798828125 143200
1774010109989 3557.54052734375 144000
1774010212541 3609.018310546875 144800
1774010309901 3607.739013671875 145600
1774010407260 3558.624267578125 146400
1774010509369 3505.60498046875 147200
1774010611300 3556.9443359375 148000
1774010713311 3581.6962890625 148800
1774010818976 3549.331787109375 149600
1774010925866 3564.562744140625 150400
