1773993602796 28.056852340698242 800
1773993699234 27.744089126586914 1600
1773993793960 26.996692657470703 2400
1773993891158 26.975038528442383 3200
1773993983586 25.94845199584961 4000
1773994077429 26.242326736450195 4800
1773994174442 25.638961791992188 5600
1773994268346 25.5537052154541 6400
1773994362285 25.957412719726562 7200
1773994454604 25.60653305053711 8000
1773994542871 25.03786277770996 8800
1773994630737 25.2868595123291 9600
1773994717257 25.17420768737793 10400
1773994803949 25.47205352783203 11200
1773994891765 25.42903709411621 12000
1773994978456 25.722259521484375 12800
1773995064361 25.428007125854492 13600
1773995154597 25.45587158203125 14400
1773995244759 25.38882827758789 15200
1773995331409 25.353923797607422 16000
1773995418136 25.816558837890625 16800
1773995503468 26.126815795898438 17600
1773995590489 25.74074935913086 18400
1773995676145 25.859695434570312 19200
1773995761554 26.101478576660156 20000
1773995847002 25.234663009643555 20800
1773995934380 25.6840763092041 21600
1773996021549 25.450416564941406 22400
1773996111954 25.550350189208984 23200
1773996197497 25.64457893371582 24000
1773996283296 25.126893997192383 24800
1773996370904 25.58419418334961 25600
1773996458083 25.624576568603516 26400
1773996545665 25.473846435546875 27200
1773996633155 25.293502807617188 28000
1773996721424 25.542423248291016 28800
1773996806996 25.806888580322266 29600
1773996894620 25.800500869750977 30400
1773996982993 25.802433013916016 31200
1773997070479 26.10586166381836 32000
1773997156404 26.435237884521484 32800
1773997243879 26.071701049804688 33600
1773997331672 25.455896377563477 34400
1773997420299 26.082395553588867 35200
1773997507945 25.575124740600586 36000
1773997595723 26.03660011291504 36800
1773997682156 25.65721893310547 37600
1773997773245 24.968969345092773 38400
1773997863835 25.22723960876465 39200
1773997951626 25.524639129638672 40000
1773998039429 25.660131454467773 40800
1773998130822 25.41505241394043 41600
1773998217083 25.662647247314453 42400
1773998305010 25.47632598876953 43200
1773998393731 25.784706115722656 44000
1773998480061 24.91005516052246 44800
1773998568133 25.201040267944336 45600
1773998657036 25.717586517333984 46400
1773998744816 25.20530128479004 47200
1773998840613 26.0285701751709 48000
1773998939313 25.672330856323242 48800
1773999040628 25.313316345214844 49600
1773999134538 25.31682777404785 50400
1773999228134 25.397415161132812 51200
1773999323419 25.708614349365234 52000
1773999418757 25.751041412353516 52800
1773999514153 25.04410171508789 53600
1773999608072 25.603370666503906 54400
1773999703556 25.35744857788086 55200
1773999799379 25.867530822753906 56000
1773999894862 25.550209045410156 56800
1773999991597 25.347532272338867 57600
1774000087595 25.385360717773438 58400
1774000181551 26.002267837524414 59200
1774000275834 25.275876998901367 60000
1774000371812 25.2294979095459 60800
1774000471056 25.51254653930664 61600
1774000567107 25.408050537109375 62400
1774000661287 25.10704231262207 63200
1774000760398 25.59548568725586 64000
1774000856618 25.463993072509766 64800
1774000953638 25.134872436523438 65600
1774001047876 25.212522506713867 66400
1774001147241 25.7800235748291 67200
1774001241937 25.695829391479492 68000
1774001337927 25.47393226623535 68800
1774001434847 25.478132247924805 69600
1774001531222 25.592897415161133 70400
1774001627366 25.793869018554688 71200
1774001721873 25.56964683532715 72000
1774001818044 25.42448616027832 72800
1774001914303 25.0502986907959 73600
1774002009156 25.321123123168945 74400
1774002108919 25.529354095458984 75200
1774002205437 25.39419174194336 76000
1774002302988 25.26677894592285 76800
1774002397689 25.408016204833984 77600
1774002495276 25.298980712890625 78400
1774002591705 25.827716827392578 79200
1774002689280 25.53916358947754 80000
1774002789191 25.54793930053711 80800
1774002883956 26.023677825927734 81600
1774002978282 25.537799835205078 82400
1774003067190 25.18549919128418 83200
1774003154475 25.226118087768555 84000
1774003243605 25.20146942138672 84800
1774003335839 25.323596954345703 85600
1774003423414 25.218788146972656 86400
1774003512436 25.161609649658203 87200
1774003599921 25.549301147460938 88000
1774003690233 25.709421157836914 88800
1774003779697 25.383874893188477 89600
1774003872410 25.781295776367188 90400
1774003961783 25.543222427368164 91200
1774004051143 25.797245025634766 92000
1774004140403 25.7855167388916 92800
1774004229903 25.891603469848633 93600
1774004319498 25.531719207763672 94400
1774004408576 25.641529083251953 95200
1774004497862 25.998350143432617 96000
1774004588116 25.59180450439453 96800
1774004678271 25.573822021484375 97600
1774004768933 25.34143829345703 98400
1774004858451 26.020998001098633 99200
1774004948793 25.84128189086914 100000
1774005038539 25.160615921020508 100800
1774005128351 25.873857498168945 101600
1774005216229 25.728668212890625 102400
1774005306248 25.434345245361328 103200
1774005394318 25.368371963500977 104000
1774005483879 25.328237533569336 104800
1774005573872 25.627689361572266 105600
1774005662054 25.97025489807129 106400
1774005751490 25.319597244262695 107200
1774005839606 25.21143341064453 108000
1774005932552 25.873165130615234 108800
1774006022379 25.62023162841797 109600
1774006112246 25.507566452026367 110400
1774006200498 25.459468841552734 111200
1774006288812 25.92763328552246 112000
1774006377173 25.57355308532715 112800
1774006468061 25.45046615600586 113600
1774006558173 25.627376556396484 114400
1774006648041 25.921184539794922 115200
1774006736450 25.786012649536133 116000
1774006826429 25.994544982910156 116800
1774006916598 25.2442684173584 117600
1774007005183 25.681623458862305 118400
1774007093759 25.50025749206543 119200
1774007183262 25.578369140625 120000
1774007274459 26.094884872436523 120800
1774007365105 26.013872146606445 121600
1774007460243 25.688405990600586 122400
1774007561246 25.431371688842773 123200
1774007659300 25.33049964904785 124000
1774007755589 25.323585510253906 124800
1774007853340 25.58667755126953 125600
1774007951269 25.687013626098633 126400
1774008047795 25.647701263427734 127200
1774008143781 25.465299606323242 128000
1774008242454 25.60098648071289 128800
1774008340644 25.463199615478516 129600
1774008437134 25.743112564086914 130400
1774008535329 25.743194580078125 131200
1774008638548 25.545392990112305 132000
1774008735090 26.061748504638672 132800
1774008834661 25.64662742614746 133600
1774008933145 25.762563705444336 134400
1774009030591 25.15094566345215 135200
1774009127567 25.41571044921875 136000
1774009225172 25.23224449157715 136800
1774009322286 25.519981384277344 137600
1774009420940 25.324867248535156 138400
1774009518273 25.23016929626465 139200
1774009615475 25.82559585571289 140000
1774009715390 25.616304397583008 140800
1774009815410 25.62982177734375 141600
1774009913294 25.265804290771484 142400
1774010010715 25.504343032836914 143200
1774010109989 25.566951751708984 144000
1774010212541 25.211145401000977 144800
1774010309901 25.29682731628418 145600
1774010407260 25.55740737915039 146400
1774010509369 26.062030792236328 147200
1774010611300 25.664817810058594 148000
1774010713311 25.472251892089844 148800
1774010818976 25.60316276550293 149600
1774010925866 25.498714447021484 150400
