1773993602796 0.004114941693842411 800
1773993699234 0.003768657799810171 1600
1773993793960 0.003157570958137512 2400
1773993891158 0.0027857276145368814 3200
1773993983586 0.002050101989880204 4000
1773994077429 0.0017543145222589374 4800
1773994174442 0.0014007081044837832 5600
1773994268346 0.0013454172294586897 6400
1773994362285 0.0012720609083771706 7200
1773994454604 0.0015169596299529076 8000
1773994542871 0.0017440689262002707 8800
1773994630737 0.0016628536395728588 9600
1773994717257 0.0019764399621635675 10400
1773994803949 0.002273104852065444 11200
1773994891765 0.0023164500016719103 12000
1773994978456 0.002712871879339218 12800
1773995064361 0.0028429196681827307 13600
1773995154597 0.0030990922823548317 14400
1773995244759 0.00325822364538908 15200
1773995331409 0.003655240871012211 16000
1773995418136 0.0035802931524813175 16800
1773995503468 0.003879089839756489 17600
1773995590489 0.00383189064450562 18400
1773995676145 0.004152887966483831 19200
1773995761554 0.00467138085514307 20000
1773995847002 0.004680984187871218 20800
1773995934380 0.00519584259018302 21600
1773996021549 0.005502569954842329 22400
1773996111954 0.005751105956733227 23200
1773996197497 0.0057191913947463036 24000
1773996283296 0.005781650543212891 24800
1773996370904 0.0060397302731871605 25600
1773996458083 0.0063461726531386375 26400
1773996545665 0.006685364525765181 27200
1773996633155 0.007022480480372906 28000
1773996721424 0.007191120646893978 28800
1773996806996 0.007308837957680225 29600
1773996894620 0.007472629193216562 30400
1773996982993 0.007535914890468121 31200
1773997070479 0.007739427499473095 32000
1773997156404 0.007922830060124397 32800
1773997243879 0.007846654392778873 33600
1773997331672 0.007818544283509254 34400
1773997420299 0.008302525617182255 35200
1773997507945 0.00865127332508564 36000
1773997595723 0.009005365893244743 36800
1773997682156 0.00926617905497551 37600
1773997773245 0.009477724321186543 38400
1773997863835 0.009745584800839424 39200
1773997951626 0.009909669868648052 40000
1773998039429 0.009979961439967155 40800
1773998130822 0.00994204543530941 41600
1773998217083 0.010289078578352928 42400
1773998305010 0.01042378693819046 43200
1773998393731 0.010785704478621483 44000
1773998480061 0.010668251663446426 44800
1773998568133 0.011131281033158302 45600
1773998657036 0.011685343459248543 46400
1773998744816 0.011680420488119125 47200
1773998840613 0.011979213915765285 48000
1773998939313 0.011857914738357067 48800
1773999040628 0.012238562107086182 49600
1773999134538 0.012267738580703735 50400
1773999228134 0.012741020880639553 51200
1773999323419 0.012923882342875004 52000
1773999418757 0.013108950108289719 52800
1773999514153 0.013351110741496086 53600
1773999608072 0.013558979146182537 54400
1773999703556 0.013716916553676128 55200
1773999799379 0.013834362849593163 56000
1773999894862 0.01389445923268795 56800
1773999991597 0.01404669601470232 57600
1774000087595 0.014268182218074799 58400
1774000181551 0.014533773995935917 59200
1774000275834 0.01471406128257513 60000
1774000371812 0.01478728000074625 60800
1774000471056 0.015382453799247742 61600
1774000567107 0.01583394967019558 62400
1774000661287 0.016051124781370163 63200
1774000760398 0.016103073954582214 64000
1774000856618 0.016100259497761726 64800
1774000953638 0.0161530002951622 65600
1774001047876 0.016375653445720673 66400
1774001147241 0.016460709273815155 67200
1774001241937 0.016587238758802414 68000
1774001337927 0.01679050549864769 68800
1774001434847 0.017120931297540665 69600
1774001531222 0.01750877872109413 70400
1774001627366 0.017747817561030388 71200
1774001721873 0.017875969409942627 72000
1774001818044 0.01851191371679306 72800
1774001914303 0.018775081261992455 73600
1774002009156 0.019114544615149498 74400
1774002108919 0.019124062731862068 75200
1774002205437 0.019265716895461082 76000
1774002302988 0.019569115713238716 76800
1774002397689 0.019779542461037636 77600
1774002495276 0.01997995935380459 78400
1774002591705 0.019903287291526794 79200
1774002689280 0.01972121000289917 80000
1774002789191 0.019917119294404984 80800
1774002883956 0.020042527467012405 81600
1774002978282 0.020000429823994637 82400
1774003067190 0.020154962316155434 83200
1774003154475 0.02064429223537445 84000
1774003243605 0.02074204944074154 84800
1774003335839 0.020780447870492935 85600
1774003423414 0.020921414718031883 86400
1774003512436 0.020782459527254105 87200
1774003599921 0.021296724677085876 88000
1774003690233 0.020939957350492477 88800
1774003779697 0.0211393553763628 89600
1774003872410 0.02114143781363964 90400
1774003961783 0.02121509052813053 91200
1774004051143 0.021179568022489548 92000
1774004140403 0.021320447325706482 92800
1774004229903 0.021391665562987328 93600
1774004319498 0.021327000111341476 94400
1774004408576 0.021450303494930267 95200
1774004497862 0.021715514361858368 96000
1774004588116 0.022115183994174004 96800
1774004678271 0.022603129968047142 97600
1774004768933 0.022750241681933403 98400
1774004858451 0.023419102653861046 99200
1774004948793 0.02319258823990822 100000
1774005038539 0.023437567055225372 100800
1774005128351 0.02390541136264801 101600
1774005216229 0.023487621918320656 102400
1774005306248 0.023842496797442436 103200
1774005394318 0.024149764329195023 104000
1774005483879 0.024441136047244072 104800
1774005573872 0.02423659898340702 105600
1774005662054 0.02458002045750618 106400
1774005751490 0.024726489558815956 107200
1774005839606 0.02509204111993313 108000
1774005932552 0.02526029385626316 108800
1774006022379 0.025468485429883003 109600
1774006112246 0.025729171931743622 110400
1774006200498 0.025601061061024666 111200
1774006288812 0.025453004986047745 112000
1774006377173 0.025742091238498688 112800
1774006468061 0.025974581018090248 113600
1774006558173 0.026539752259850502 114400
1774006648041 0.026701342314481735 115200
1774006736450 0.026577061042189598 116000
1774006826429 0.026700707152485847 116800
1774006916598 0.02699924074113369 117600
1774007005183 0.027407430112361908 118400
1774007093759 0.027486475184559822 119200
1774007183262 0.02756216749548912 120000
1774007274459 0.027166983112692833 120800
1774007365105 0.027634797617793083 121600
1774007460243 0.027982784435153008 122400
1774007561246 0.02839186042547226 123200
1774007659300 0.02836453914642334 124000
1774007755589 0.0280777458101511 124800
1774007853340 0.028299618512392044 125600
1774007951269 0.028725609183311462 126400
1774008047795 0.028845390304923058 127200
1774008143781 0.028991904109716415 128000
1774008242454 0.02883206121623516 128800
1774008340644 0.028679540380835533 129600
1774008437134 0.028869502246379852 130400
1774008535329 0.028695516288280487 131200
1774008638548 0.02893373928964138 132000
1774008735090 0.02872070111334324 132800
1774008834661 0.029241060838103294 133600
1774008933145 0.029161665588617325 134400
1774009030591 0.029669540002942085 135200
1774009127567 0.02977295033633709 136000
1774009225172 0.0298507921397686 136800
1774009322286 0.029859278351068497 137600
1774009420940 0.03005019761621952 138400
1774009518273 0.030141044408082962 139200
1774009615475 0.029983803629875183 140000
1774009715390 0.030543094500899315 140800
1774009815410 0.030386608093976974 141600
1774009913294 0.030552510172128677 142400
1774010010715 0.030787399038672447 143200
1774010109989 0.03104541264474392 144000
1774010212541 0.030865618959069252 144800
1774010309901 0.030369319021701813 145600
1774010407260 0.030579514801502228 146400
1774010509369 0.03045966476202011 147200
1774010611300 0.03085663914680481 148000
1774010713311 0.030780958011746407 148800
1774010818976 0.0308841485530138 149600
1774010925866 0.03158078342676163 150400
