1773993602796 -42336.484375 800
1773993699234 -42474.109375 1600
1773993793960 -42602.078125 2400
1773993891158 -42750.734375 3200
1773993983586 -42729.90625 4000
1773994077429 -42907.25 4800
1773994174442 -42845.765625 5600
1773994268346 -42858.078125 6400
1773994362285 -42925.34375 7200
1773994454604 -42866.15625 8000
1773994542871 -42762.59375 8800
1773994630737 -42818.203125 9600
1773994717257 -42770.46875 10400
1773994803949 -42821.4375 11200
1773994891765 -42822.75 12000
1773994978456 -42832.953125 12800
1773995064361 -42818.640625 13600
1773995154597 -42868.0625 14400
1773995244759 -42890.578125 15200
1773995331409 -42971.625 16000
1773995418136 -43097.5625 16800
1773995503468 -43061.28125 17600
1773995590489 -43113.171875 18400
1773995676145 -43124.4375 19200
1773995761554 -43134.5 20000
1773995847002 -43109.0625 20800
1773995934380 -43201.234375 21600
1773996021549 -43218.09375 22400
1773996111954 -43231.0625 23200
1773996197497 -43296.65625 24000
1773996283296 -43315.53125 24800
1773996370904 -43381.609375 25600
1773996458083 -43380.203125 26400
1773996545665 -43359.4375 27200
1773996633155 -43331.015625 28000
1773996721424 -43409.421875 28800
1773996806996 -43493.65625 29600
1773996894620 -43505.109375 30400
1773996982993 -43490.59375 31200
1773997070479 -43574.421875 32000
1773997156404 -43611.578125 32800
1773997243879 -43640.140625 33600
1773997331672 -43564.484375 34400
1773997420299 -43670.328125 35200
1773997507945 -43576.0 36000
1773997595723 -43630.640625 36800
1773997682156 -43566.28125 37600
1773997773245 -43493.234375 38400
1773997863835 -43555.140625 39200
1773997951626 -43604.375 40000
1773998039429 -43594.453125 40800
1773998130822 -43563.296875 41600
1773998217083 -43619.171875 42400
1773998305010 -43638.296875 43200
1773998393731 -43686.265625 44000
1773998480061 -43601.984375 44800
1773998568133 -43635.453125 45600
1773998657036 -43671.78125 46400
1773998744816 -43621.5 47200
1773998840613 -43767.84375 48000
1773998939313 -43765.96875 48800
1773999040628 -43718.28125 49600
1773999134538 -43742.34375 50400
1773999228134 -43751.53125 51200
1773999323419 -43770.1875 52000
1773999418757 -43785.328125 52800
1773999514153 -43677.4375 53600
1773999608072 -43747.234375 54400
1773999703556 -43718.3125 55200
1773999799379 -43794.4375 56000
1773999894862 -43767.734375 56800
1773999991597 -43751.203125 57600
1774000087595 -43748.140625 58400
1774000181551 -43823.21875 59200
1774000275834 -43721.171875 60000
1774000371812 -43749.375 60800
1774000471056 -43753.796875 61600
1774000567107 -43660.875 62400
1774000661287 -43682.1875 63200
1774000760398 -43737.6875 64000
1774000856618 -43766.46875 64800
1774000953638 -43718.609375 65600
1774001047876 -43708.984375 66400
1774001147241 -43813.15625 67200
1774001241937 -43886.796875 68000
1774001337927 -43904.78125 68800
1774001434847 -43906.09375 69600
1774001531222 -43878.96875 70400
1774001627366 -43909.71875 71200
1774001721873 -43881.609375 72000
1774001818044 -43841.265625 72800
1774001914303 -43835.203125 73600
1774002009156 -43836.171875 74400
1774002108919 -43891.234375 75200
1774002205437 -43886.359375 76000
1774002302988 -43872.5625 76800
1774002397689 -43931.5 77600
1774002495276 -43962.84375 78400
1774002591705 -44060.25 79200
1774002689280 -44034.0625 80000
1774002789191 -44043.796875 80800
1774002883956 -44086.234375 81600
1774002978282 -44094.59375 82400
1774003067190 -44052.390625 83200
1774003154475 -44023.015625 84000
1774003243605 -44018.78125 84800
1774003335839 -44099.453125 85600
1774003423414 -44061.671875 86400
1774003512436 -44075.5 87200
1774003599921 -44110.125 88000
1774003690233 -44182.03125 88800
1774003779697 -44150.625 89600
1774003872410 -44238.890625 90400
1774003961783 -44234.21875 91200
1774004051143 -44263.15625 92000
1774004140403 -44250.109375 92800
1774004229903 -44267.53125 93600
1774004319498 -44269.953125 94400
1774004408576 -44306.4375 95200
1774004497862 -44294.875 96000
1774004588116 -44286.5625 96800
1774004678271 -44262.28125 97600
1774004768933 -44274.96875 98400
1774004858451 -44345.40625 99200
1774004948793 -44403.140625 100000
1774005038539 -44293.203125 100800
1774005128351 -44331.125 101600
1774005216229 -44293.0625 102400
1774005306248 -44243.109375 103200
1774005394318 -44245.78125 104000
1774005483879 -44249.609375 104800
1774005573872 -44317.515625 105600
1774005662054 -44356.828125 106400
1774005751490 -44313.5625 107200
1774005839606 -44289.25 108000
1774005932552 -44362.15625 108800
1774006022379 -44367.359375 109600
1774006112246 -44265.53125 110400
1774006200498 -44317.3125 111200
1774006288812 -44380.15625 112000
1774006377173 -44343.078125 112800
1774006468061 -44388.796875 113600
1774006558173 -44360.03125 114400
1774006648041 -44433.046875 115200
1774006736450 -44494.953125 116000
1774006826429 -44511.734375 116800
1774006916598 -44456.609375 117600
1774007005183 -44515.953125 118400
1774007093759 -44415.203125 119200
1774007183262 -44455.8125 120000
1774007274459 -44643.09375 120800
1774007365105 -44617.515625 121600
1774007460243 -44548.796875 122400
1774007561246 -44482.890625 123200
1774007659300 -44476.15625 124000
1774007755589 -44569.234375 124800
1774007853340 -44635.4375 125600
1774007951269 -44696.359375 126400
1774008047795 -44649.828125 127200
1774008143781 -44565.90625 128000
1774008242454 -44605.21875 128800
1774008340644 -44644.109375 129600
1774008437134 -44729.375 130400
1774008535329 -44758.84375 131200
1774008638548 -44740.96875 132000
1774008735090 -44788.53125 132800
1774008834661 -44748.015625 133600
1774008933145 -44806.625 134400
1774009030591 -44693.8125 135200
1774009127567 -44735.0625 136000
1774009225172 -44734.390625 136800
1774009322286 -44765.078125 137600
1774009420940 -44739.984375 138400
1774009518273 -44640.671875 139200
1774009615475 -44734.6875 140000
1774009715390 -44720.578125 140800
1774009815410 -44781.859375 141600
1774009913294 -44748.859375 142400
1774010010715 -44747.890625 143200
1774010109989 -44722.078125 144000
1774010212541 -44698.03125 144800
1774010309901 -44764.4375 145600
1774010407260 -44794.34375 146400
1774010509369 -44930.15625 147200
1774010611300 -44816.828125 148000
1774010713311 -44864.296875 148800
1774010818976 -44928.953125 149600
1774010925866 -44886.53125 150400
