1773993602796 1.1617217777118278 800
1773993699234 1.1411873962880372 1600
1773993793960 1.144372368519245 2400
1773993891158 1.1213456982047456 3200
1773993983586 1.1441567596017803 4000
1773994077429 1.1168487257547572 4800
1773994174442 1.13083382107097 5600
1773994268346 1.1284982026667914 6400
1773994362285 1.1111599985713596 7200
1773994454604 1.1255887740911743 8000
1773994542871 1.1502318075037852 8800
1773994630737 1.1408222782631199 9600
1773994717257 1.1524238525039323 10400
1773994803949 1.1409546928082965 11200
1773994891765 1.1476869883792324 12000
1773994978456 1.1375584589904302 12800
1773995064361 1.1509161969152126 13600
1773995154597 1.150019883248391 14400
1773995244759 1.1490023109806726 15200
1773995331409 1.1473484927839823 16000
1773995418136 1.129260718333926 16800
1773995503468 1.128529922336842 17600
1773995590489 1.1432597211862188 18400
1773995676145 1.1404329889180909 19200
1773995761554 1.128431340014444 20000
1773995847002 1.1657880261518692 20800
1773995934380 1.1382289359185076 21600
1773996021549 1.1460672335609545 22400
1773996111954 1.144326088934615 23200
1773996197497 1.1435414487837092 24000
1773996283296 1.1672340301508466 24800
1773996370904 1.1415133845319676 25600
1773996458083 1.1433918221516857 26400
1773996545665 1.151962733143821 27200
1773996633155 1.1608026654797257 28000
1773996721424 1.1551134557229732 28800
1773996806996 1.1438638291683718 29600
1773996894620 1.150054048527696 30400
1773996982993 1.1464191286113565 31200
1773997070479 1.1339373810366407 32000
1773997156404 1.1293639531563224 32800
1773997243879 1.1409764910353164 33600
1773997331672 1.168211931547639 34400
1773997420299 1.1302590879232424 35200
1773997507945 1.152581888653059 36000
1773997595723 1.1259646864845312 36800
1773997682156 1.149115631304263 37600
1773997773245 1.1794543224172576 38400
1773997863835 1.1695929347860319 39200
1773997951626 1.1520499466549876 40000
1773998039429 1.1516377809010812 40800
1773998130822 1.1598055443001014 41600
1773998217083 1.1393486288674401 42400
1773998305010 1.1563402083873342 43200
1773998393731 1.1421732746632172 44000
1773998480061 1.1871592923509873 44800
1773998568133 1.1718613170067014 45600
1773998657036 1.1388633146630704 46400
1773998744816 1.1684674906102426 47200
1773998840613 1.129239901955875 48000
1773998939313 1.1500014103598504 48800
1773999040628 1.1669153013829316 49600
1773999134538 1.1704505164673615 50400
1773999228134 1.1675156556767885 51200
1773999323419 1.1554587959941789 52000
1773999418757 1.1497686583076747 52800
1773999514153 1.1912558929332513 53600
1773999608072 1.1592024625897916 54400
1773999703556 1.164865553827526 55200
1773999799379 1.1402398660502309 56000
1773999894862 1.1578607636620666 56800
1773999991597 1.1671062197516475 57600
1774000087595 1.1685900837730643 58400
1774000181551 1.1310522954491877 59200
1774000275834 1.1690047012423166 60000
1774000371812 1.175003939949436 60800
1774000471056 1.1585975228241236 61600
1774000567107 1.1588205300443837 62400
1774000661287 1.1705035446352003 63200
1774000760398 1.14633210209272 64000
1774000856618 1.1596064839998816 64800
1774000953638 1.1830222287147154 65600
1774001047876 1.1798659098526467 66400
1774001147241 1.149248422277392 67200
1774001241937 1.1581440911071819 68000
1774001337927 1.1686220288590146 68800
1774001434847 1.168866156168496 69600
1774001531222 1.1675978985308049 70400
1774001627366 1.1569492124458076 71200
1774001721873 1.1734290181851788 72000
1774001818044 1.1669504779242637 72800
1774001914303 1.1888287477977786 73600
1774002009156 1.1642619901599407 74400
1774002108919 1.1585088634598555 75200
1774002205437 1.1743037238544742 76000
1774002302988 1.170739808920774 76800
1774002397689 1.1635682488935501 77600
1774002495276 1.174222157879048 78400
1774002591705 1.1430615719904926 79200
1774002689280 1.1732161046129839 80000
1774002789191 1.1686573083753988 80800
1774002883956 1.1426821793817106 81600
1774002978282 1.1699377745396524 82400
1774003067190 1.1894891306066735 83200
1774003154475 1.1781299436153991 84000
1774003243605 1.1774249480806844 84800
1774003335839 1.1632254453907982 85600
1774003423414 1.1743649928072029 86400
1774003512436 1.1896972733968898 87200
1774003599921 1.1628470018296329 88000
1774003690233 1.165831025913083 88800
1774003779697 1.1850067968123534 89600
1774003872410 1.1630418268234732 90400
1774003961783 1.1750860793289377 91200
1774004051143 1.163404680228961 92000
1774004140403 1.155254149941277 92800
1774004229903 1.14518110203367 93600
1774004319498 1.1758912345470252 94400
1774004408576 1.166853432481832 95200
1774004497862 1.1441835272671852 96000
1774004588116 1.1728050919413664 96800
1774004678271 1.1724177302490546 97600
1774004768933 1.195255831507085 98400
1774004858451 1.1446938945641165 99200
1774004948793 1.157915816047906 100000
1774005038539 1.2006656659766402 100800
1774005128351 1.1486218515666997 101600
1774005216229 1.1663017146541497 102400
1774005306248 1.18182579037705 103200
1774005394318 1.1787859734065789 104000
1774005483879 1.1787250606576025 104800
1774005573872 1.172506333436202 105600
1774005662054 1.1462997055060113 106400
1774005751490 1.1839337093756002 107200
1774005839606 1.1930547390635413 108000
1774005932552 1.1445549890219193 108800
1774006022379 1.1638617854052404 109600
1774006112246 1.1806542892475596 110400
1774006200498 1.1830696891020724 111200
1774006288812 1.1582481593292908 112000
1774006377173 1.1951480118348325 112800
1774006468061 1.1979121370977415 113600
1774006558173 1.1805103894691307 114400
1774006648041 1.1548118590515348 115200
1774006736450 1.1558713410086074 116000
1774006826429 1.1441382542937462 116800
1774006916598 1.1994573830751905 117600
1774007005183 1.1662545600086043 118400
1774007093759 1.1710020136154538 119200
1774007183262 1.1692214953144142 120000
1774007274459 1.145552218113489 120800
1774007365105 1.1436080232170542 121600
1774007460243 1.1668354459026569 122400
1774007561246 1.1843176253004295 123200
1774007659300 1.1918197650816778 124000
1774007755589 1.1907121187923508 124800
1774007853340 1.1714514838075647 125600
1774007951269 1.1628093416763743 126400
1774008047795 1.1641600315460874 127200
1774008143781 1.1815312288641997 128000
1774008242454 1.1758316676103813 128800
1774008340644 1.1806331770599152 129600
1774008437134 1.155196992290744 130400
1774008535329 1.157332617149517 131200
1774008638548 1.174846547909991 132000
1774008735090 1.1451302330596378 132800
1774008834661 1.1723948297755555 133600
1774008933145 1.166159117857855 134400
1774009030591 1.2012622818538774 135200
1774009127567 1.1827382525749384 136000
1774009225172 1.1989108143345608 136800
1774009322286 1.1806415045548664 137600
1774009420940 1.1974310366403396 138400
1774009518273 1.2055119893962272 139200
1774009615475 1.1656707078321968 140000
1774009715390 1.163776763091909 140800
1774009815410 1.1655401532177614 141600
1774009913294 1.1996524388458925 142400
1774010010715 1.1767051834110251 143200
1774010109989 1.1842367864160455 144000
1774010212541 1.2169268140610814 144800
1774010309901 1.2162328846260515 145600
1774010407260 1.1839232124062762 146400
1774010509369 1.1542925437536617 147200
1774010611300 1.1803953652440082 148000
1774010713311 1.2021201359188378 148800
1774010818976 1.1896196280949958 149600
1774010925866 1.186346216869577 150400
