1773993602796 1.1943624394841708 800
1773993699234 1.1697157535211058 1600
1773993793960 1.1691880989074497 2400
1773993891158 1.1454810998379115 3200
1773993983586 1.1655813802951924 4000
1773994077429 1.139769062296214 4800
1773994174442 1.1514463226696763 5600
1773994268346 1.14870193051749 6400
1773994362285 1.133025874412645 7200
1773994454604 1.1435484874386088 8000
1773994542871 1.163975611482631 8800
1773994630737 1.156683076367679 9600
1773994717257 1.1649938888715488 10400
1773994803949 1.1541545921856764 11200
1773994891765 1.159395726906596 12000
1773994978456 1.1496555862332087 12800
1773995064361 1.160909784110191 13600
1773995154597 1.1597030892015672 14400
1773995244759 1.1588147982249717 15200
1773995331409 1.1577778226156148 16000
1773995418136 1.1439459579296893 16800
1773995503468 1.1419311904257163 17600
1773995590489 1.1566933777584996 18400
1773995676145 1.1529120089179512 19200
1773995761554 1.1411822900648487 20000
1773995847002 1.1742504651629544 20800
1773995934380 1.1502685757603803 21600
1773996021549 1.1568276445091017 22400
1773996111954 1.154630064604693 23200
1773996197497 1.154620372705572 24000
1773996283296 1.1748744109926998 24800
1773996370904 1.1526477303672007 25600
1773996458083 1.1534646681001588 26400
1773996545665 1.1597579656514911 27200
1773996633155 1.1660914694706972 28000
1773996721424 1.161856444590402 28800
1773996806996 1.1532677975256616 29600
1773996894620 1.158704503445452 30400
1773996982993 1.154921538434215 31200
1773997070479 1.1450692409634473 32000
1773997156404 1.1416168388647039 32800
1773997243879 1.1516377749745108 33600
1773997331672 1.1751152968112244 34400
1773997420299 1.1421812699825602 35200
1773997507945 1.1600650629085663 36000
1773997595723 1.1374117049377381 36800
1773997682156 1.1560211957840698 37600
1773997773245 1.181062622281244 38400
1773997863835 1.172340336425783 39200
1773997951626 1.1572808500908045 40000
1773998039429 1.1571255553644206 40800
1773998130822 1.164404393625499 41600
1773998217083 1.1468926122620628 42400
1773998305010 1.161459273701797 43200
1773998393731 1.1487355072781253 44000
1773998480061 1.1885380433991883 44800
1773998568133 1.1745761584307495 45600
1773998657036 1.1449503618442616 46400
1773998744816 1.1707398871358532 47200
1773998840613 1.1366385803205168 48000
1773998939313 1.155822769760879 48800
1773999040628 1.169217416074495 49600
1773999134538 1.1727872102779784 50400
1773999228134 1.1688505862353356 51200
1773999323419 1.1578873009451494 52000
1773999418757 1.1534196197441604 52800
1773999514153 1.1877188018770841 53600
1773999608072 1.160153844020302 54400
1773999703556 1.1645034413836068 55200
1773999799379 1.1437175697479613 56000
1773999894862 1.1587077710321378 56800
1773999991597 1.167753532280059 57600
1774000087595 1.1686644362174936 58400
1774000181551 1.1365631555381166 59200
1774000275834 1.1681317212179736 60000
1774000371812 1.1733804872959728 60800
1774000471056 1.158224622597379 61600
1774000567107 1.1571587938970174 62400
1774000661287 1.1677628379145584 63200
1774000760398 1.1467716019352967 64000
1774000856618 1.1589824786988132 64800
1774000953638 1.1787539447405344 65600
1774001047876 1.1760386761160897 66400
1774001147241 1.1510052720332276 67200
1774001241937 1.1597881087572866 68000
1774001337927 1.1687962856450997 68800
1774001434847 1.1685591554007044 69600
1774001531222 1.1653330994322457 70400
1774001627366 1.155688124171371 71200
1774001721873 1.1689365019772429 72000
1774001818044 1.1628495777834433 72800
1774001914303 1.1816723822932065 73600
1774002009156 1.1596597745360455 74400
1774002108919 1.1549966624245842 75200
1774002205437 1.1678653866374924 76000
1774002302988 1.1650694213108903 76800
1774002397689 1.1594473094166857 77600
1774002495276 1.1683299059835321 78400
1774002591705 1.1419905089556677 79200
1774002689280 1.1673869264991967 80000
1774002789191 1.1634305707938672 80800
1774002883956 1.1409776889438938 81600
1774002978282 1.1652724247571602 82400
1774003067190 1.1824025554829045 83200
1774003154475 1.1717874884348527 84000
1774003243605 1.171255870989771 84800
1774003335839 1.160336164830716 85600
1774003423414 1.169196457574054 86400
1774003512436 1.1827464736046889 87200
1774003599921 1.1585881738033872 88000
1774003690233 1.1624142580690222 88800
1774003779697 1.1780922813552857 89600
1774003872410 1.1596555564953188 90400
1774003961783 1.1697117287180199 91200
1774004051143 1.1592581846926877 92000
1774004140403 1.1518989943014708 92800
1774004229903 1.1445932861089245 93600
1774004319498 1.1702027918192872 94400
1774004408576 1.1628246099019859 95200
1774004497862 1.14178449756679 96000
1774004588116 1.1656578356938976 96800
1774004678271 1.164861103956206 97600
1774004768933 1.184472561921213 98400
1774004858451 1.1409314224918112 99200
1774004948793 1.1535836402602662 100000
1774005038539 1.1906619966238738 100800
1774005128351 1.1446010259241193 101600
1774005216229 1.159461943652474 102400
1774005306248 1.172331035022677 103200
1774005394318 1.1695668033153925 104000
1774005483879 1.1695768634945523 104800
1774005573872 1.1637012628776708 105600
1774005662054 1.14105031992954 106400
1774005751490 1.1736948102142433 107200
1774005839606 1.1816001966375322 108000
1774005932552 1.1401788146874212 108800
1774006022379 1.1565751952149574 109600
1774006112246 1.1695819306437376 110400
1774006200498 1.1727159626015426 111200
1774006288812 1.1507574172542794 112000
1774006377173 1.182158987516679 112800
1774006468061 1.185122038400914 113600
1774006558173 1.169042273809869 114400
1774006648041 1.1475383065779334 115200
1774006736450 1.150659966468258 116000
1774006826429 1.1401449103885137 116800
1774006916598 1.1879870369304222 117600
1774007005183 1.159185515568242 118400
1774007093759 1.1620299108562038 119200
1774007183262 1.1603491540481898 120000
1774007274459 1.1426194377976269 120800
1774007365105 1.1403734339658982 121600
1774007460243 1.1580198431601945 122400
1774007561246 1.1719737187292585 123200
1774007659300 1.178504087246939 124000
1774007755589 1.179101641033496 124800
1774007853340 1.1622202757278957 125600
1774007951269 1.1556040867025084 126400
1774008047795 1.1563583196660614 127200
1774008143781 1.169842441550432 128000
1774008242454 1.1646942831781224 128800
1774008340644 1.1694969315651742 129600
1774008437134 1.1484624533043657 130400
1774008535329 1.1503016132336366 131200
1774008638548 1.1652170626175147 132000
1774008735090 1.1395040734550772 132800
1774008834661 1.1632865855403118 133600
1774008933145 1.1596962801106687 134400
1774009030591 1.1888748067611612 135200
1774009127567 1.1721770884634 136000
1774009225172 1.186816814898383 136800
1774009322286 1.1702730865827102 137600
1774009420940 1.184014044049232 138400
1774009518273 1.1908133303117077 139200
1774009615475 1.1562112428784568 140000
1774009715390 1.154508302526514 140800
1774009815410 1.1565817758788774 141600
1774009913294 1.1858820723262196 142400
1774010010715 1.165883174242066 143200
1774010109989 1.1718257613615655 144000
1774010212541 1.2002461692957014 144800
1774010309901 1.1988681614723447 145600
1774010407260 1.170047179799076 146400
1774010509369 1.1452918737858402 147200
1774010611300 1.1668301511692403 148000
1774010713311 1.1862867705510993 148800
1774010818976 1.176334795611382 149600
1774010925866 1.1721991350950478 150400
