1773993602796 -764.7659301757812 800
1773993699234 -792.959716796875 1600
1773993793960 -809.426025390625 2400
1773993891158 -835.6159057617188 3200
1773993983586 -836.2036743164062 4000
1773994077429 -875.7418823242188 4800
1773994174442 -881.4619750976562 5600
1773994268346 -897.8828125 6400
1773994362285 -928.529052734375 7200
1773994454604 -941.87890625 8000
1773994542871 -943.7710571289062 8800
1773994630737 -964.6162719726562 9600
1773994717257 -978.3611450195312 10400
1773994803949 -996.7886962890625 11200
1773994891765 -1007.7560424804688 12000
1773994978456 -1024.2725830078125 12800
1773995064361 -1019.7158813476562 13600
1773995154597 -1024.539794921875 14400
1773995244759 -1021.137451171875 15200
1773995331409 -1023.4354248046875 16000
1773995418136 -1037.718994140625 16800
1773995503468 -1061.6644287109375 17600
1773995590489 -1045.1185302734375 18400
1773995676145 -1052.7286376953125 19200
1773995761554 -1064.777587890625 20000
1773995847002 -1031.9908447265625 20800
1773995934380 -1043.5103759765625 21600
1773996021549 -1033.7083740234375 22400
1773996111954 -1041.1474609375 23200
1773996197497 -1046.7220458984375 24000
1773996283296 -1027.31298828125 24800
1773996370904 -1041.8837890625 25600
1773996458083 -1049.8427734375 26400
1773996545665 -1050.35595703125 27200
1773996633155 -1042.078369140625 28000
1773996721424 -1055.8741455078125 28800
1773996806996 -1064.071044921875 29600
1773996894620 -1067.78173828125 30400
1773996982993 -1065.51220703125 31200
1773997070479 -1075.4503173828125 32000
1773997156404 -1091.564697265625 32800
1773997243879 -1075.7099609375 33600
1773997331672 -1054.1065673828125 34400
1773997420299 -1071.7178955078125 35200
1773997507945 -1053.9755859375 36000
1773997595723 -1065.287353515625 36800
1773997682156 -1055.30419921875 37600
1773997773245 -1029.6009521484375 38400
1773997863835 -1043.923095703125 39200
1773997951626 -1053.910400390625 40000
1773998039429 -1060.867919921875 40800
1773998130822 -1051.5697021484375 41600
1773998217083 -1056.1651611328125 42400
1773998305010 -1056.48876953125 43200
1773998393731 -1072.23779296875 44000
1773998480061 -1035.5745849609375 44800
1773998568133 -1047.354736328125 45600
1773998657036 -1061.00537109375 46400
1773998744816 -1042.902099609375 47200
1773998840613 -1075.8944091796875 48000
1773998939313 -1061.013427734375 48800
1773999040628 -1047.702392578125 49600
1773999134538 -1047.6431884765625 50400
1773999228134 -1050.6776123046875 51200
1773999323419 -1067.6654052734375 52000
1773999418757 -1066.109130859375 52800
1773999514153 -1038.7236328125 53600
1773999608072 -1061.1094970703125 54400
1773999703556 -1050.6358642578125 55200
1773999799379 -1071.8150634765625 56000
1773999894862 -1058.769287109375 56800
1773999991597 -1048.616943359375 57600
1774000087595 -1053.282958984375 58400
1774000181551 -1075.6932373046875 59200
1774000275834 -1048.0313720703125 60000
1774000371812 -1047.9901123046875 60800
1774000471056 -1058.755615234375 61600
1774000567107 -1051.8092041015625 62400
1774000661287 -1035.0430908203125 63200
1774000760398 -1058.68505859375 64000
1774000856618 -1056.794677734375 64800
1774000953638 -1042.99853515625 65600
1774001047876 -1045.315185546875 66400
1774001147241 -1071.370849609375 67200
1774001241937 -1066.2037353515625 68000
1774001337927 -1053.31689453125 68800
1774001434847 -1056.8924560546875 69600
1774001531222 -1064.990234375 70400
1774001627366 -1076.11669921875 71200
1774001721873 -1068.718017578125 72000
1774001818044 -1057.4927978515625 72800
1774001914303 -1040.722412109375 73600
1774002009156 -1055.411376953125 74400
1774002108919 -1070.02099609375 75200
1774002205437 -1064.5684814453125 76000
1774002302988 -1056.14892578125 76800
1774002397689 -1062.4803466796875 77600
1774002495276 -1058.9305419921875 78400
1774002591705 -1083.4061279296875 79200
1774002689280 -1074.6875 80000
1774002789191 -1071.1749267578125 80800
1774002883956 -1094.718994140625 81600
1774002978282 -1073.3912353515625 82400
1774003067190 -1056.1676025390625 83200
1774003154475 -1055.7952880859375 84000
1774003243605 -1051.367431640625 84800
1774003335839 -1054.74755859375 85600
1774003423414 -1048.056640625 86400
1774003512436 -1047.7132568359375 87200
1774003599921 -1064.0252685546875 88000
1774003690233 -1071.8758544921875 88800
1774003779697 -1054.7716064453125 89600
1774003872410 -1072.1668701171875 90400
1774003961783 -1058.917236328125 91200
1774004051143 -1071.38330078125 92000
1774004140403 -1064.296875 92800
1774004229903 -1065.7464599609375 93600
1774004319498 -1054.9036865234375 94400
1774004408576 -1058.708984375 95200
1774004497862 -1070.6004638671875 96000
1774004588116 -1053.3834228515625 96800
1774004678271 -1053.0728759765625 97600
1774004768933 -1040.329833984375 98400
1774004858451 -1070.5682373046875 99200
1774004948793 -1063.7974853515625 100000
1774005038539 -1034.528076171875 100800
1774005128351 -1065.6015625 101600
1774005216229 -1059.39794921875 102400
1774005306248 -1043.1759033203125 103200
1774005394318 -1038.0648193359375 104000
1774005483879 -1033.001953125 104800
1774005573872 -1050.516845703125 105600
1774005662054 -1066.7503662109375 106400
1774005751490 -1036.6458740234375 107200
1774005839606 -1031.1597900390625 108000
1774005932552 -1060.2708740234375 108800
1774006022379 -1049.954833984375 109600
1774006112246 -1047.4229736328125 110400
1774006200498 -1044.9044189453125 111200
1774006288812 -1069.299560546875 112000
1774006377173 -1053.620849609375 112800
1774006468061 -1049.09130859375 113600
1774006558173 -1053.1131591796875 114400
1774006648041 -1069.3582763671875 115200
1774006736450 -1063.3944091796875 116000
1774006826429 -1071.97509765625 116800
1774006916598 -1036.2740478515625 117600
1774007005183 -1054.1383056640625 118400
1774007093759 -1046.1749267578125 119200
1774007183262 -1052.6912841796875 120000
1774007274459 -1076.5211181640625 120800
1774007365105 -1071.95654296875 121600
1774007460243 -1056.4896240234375 122400
1774007561246 -1045.2691650390625 123200
1774007659300 -1038.9033203125 124000
1774007755589 -1043.9058837890625 124800
1774007853340 -1054.985595703125 125600
1774007951269 -1057.67529296875 126400
1774008047795 -1051.005126953125 127200
1774008143781 -1040.8465576171875 128000
1774008242454 -1048.895263671875 128800
1774008340644 -1040.2779541015625 129600
1774008437134 -1051.2916259765625 130400
1774008535329 -1052.091552734375 131200
1774008638548 -1043.0443115234375 132000
1774008735090 -1068.663330078125 132800
1774008834661 -1049.0732421875 133600
1774008933145 -1058.0560302734375 134400
1774009030591 -1027.0880126953125 135200
1774009127567 -1035.6925048828125 136000
1774009225172 -1027.8621826171875 136800
1774009322286 -1039.7431640625 137600
1774009420940 -1029.771728515625 138400
1774009518273 -1022.441650390625 139200
1774009615475 -1053.5269775390625 140000
1774009715390 -1038.43408203125 140800
1774009815410 -1038.3577880859375 141600
1774009913294 -1017.414306640625 142400
1774010010715 -1026.6494140625 143200
1774010109989 -1028.3209228515625 144000
1774010212541 -1009.7352905273438 144800
1774010309901 -1014.9500122070312 145600
1774010407260 -1029.1591796875 146400
1774010509369 -1055.8623046875 147200
1774010611300 -1034.6917724609375 148000
1774010713311 -1027.17041015625 148800
1774010818976 -1034.0281982421875 149600
1774010925866 -1023.410400390625 150400
