1773993602796 0.9957762360572815 800
1773993699234 0.9960456490516663 1600
1773993793960 0.9965519309043884 2400
1773993891158 0.9968094825744629 3200
1773993983586 0.9974117875099182 4000
1773994077429 0.9974992871284485 4800
1773994174442 0.9975013136863708 5600
1773994268346 0.9972997307777405 6400
1773994362285 0.9971259832382202 7200
1773994454604 0.9966513514518738 8000
1773994542871 0.9962385892868042 8800
1773994630737 0.9961920976638794 9600
1773994717257 0.9956985116004944 10400
1773994803949 0.9951890110969543 11200
1773994891765 0.9949310421943665 12000
1773994978456 0.9943293333053589 12800
1773995064361 0.99403977394104 13600
1773995154597 0.9936414957046509 14400
1773995244759 0.9932808876037598 15200
1773995331409 0.9928005337715149 16000
1773995418136 0.9927506446838379 16800
1773995503468 0.9923341274261475 17600
1773995590489 0.9922863245010376 18400
1773995676145 0.9918204545974731 19200
1773995761554 0.9912398457527161 20000
1773995847002 0.9911481738090515 20800
1773995934380 0.9905482530593872 21600
1773996021549 0.9901515245437622 22400
1773996111954 0.989852786064148 23200
1773996197497 0.9898146390914917 24000
1773996283296 0.9896327257156372 24800
1773996370904 0.9892681241035461 25600
1773996458083 0.9888644814491272 26400
1773996545665 0.9884296655654907 27200
1773996633155 0.987998902797699 28000
1773996721424 0.9877647757530212 28800
1773996806996 0.9875498414039612 29600
1773996894620 0.987278401851654 30400
1773996982993 0.9870917797088623 31200
1773997070479 0.9868199825286865 32000
1773997156404 0.9866318106651306 32800
1773997243879 0.9865331649780273 33600
1773997331672 0.9864358901977539 34400
1773997420299 0.9858648180961609 35200
1773997507945 0.9853918552398682 36000
1773997595723 0.9849865436553955 36800
1773997682156 0.9846653938293457 37600
1773997773245 0.9844180941581726 38400
1773997863835 0.9840989708900452 39200
1773997951626 0.9838363528251648 40000
1773998039429 0.9836421012878418 40800
1773998130822 0.9835805296897888 41600
1773998217083 0.9831084609031677 42400
1773998305010 0.9829244613647461 43200
1773998393731 0.982458770275116 44000
1773998480061 0.9825037121772766 44800
1773998568133 0.9819381237030029 45600
1773998657036 0.9812332987785339 46400
1773998744816 0.9812018871307373 47200
1773998840613 0.9808191657066345 48000
1773998939313 0.9807924032211304 48800
1773999040628 0.9803327322006226 49600
1773999134538 0.9801844358444214 50400
1773999228134 0.9795568585395813 51200
1773999323419 0.9792336821556091 52000
1773999418757 0.9789273142814636 52800
1773999514153 0.9785248637199402 53600
1773999608072 0.9781498908996582 54400
1773999703556 0.9778552055358887 55200
1773999799379 0.9775485992431641 56000
1773999894862 0.9772645235061646 56800
1773999991597 0.9770697951316833 57600
1774000087595 0.9767895936965942 58400
1774000181551 0.9764220714569092 59200
1774000275834 0.9760430455207825 60000
1774000371812 0.9757183790206909 60800
1774000471056 0.9750149846076965 61600
1774000567107 0.974415123462677 62400
1774000661287 0.9741160273551941 63200
1774000760398 0.9738171696662903 64000
1774000856618 0.9737120270729065 64800
1774000953638 0.9733784794807434 65600
1774001047876 0.9729806184768677 66400
1774001147241 0.9727692604064941 67200
1774001241937 0.9725678563117981 68000
1774001337927 0.9720930457115173 68800
1774001434847 0.9714915752410889 69600
1774001531222 0.970831036567688 70400
1774001627366 0.9704233407974243 71200
1774001721873 0.9700564742088318 72000
1774001818044 0.9693799614906311 72800
1774001914303 0.9689443707466125 73600
1774002009156 0.9684603214263916 74400
1774002108919 0.9682064652442932 75200
1774002205437 0.9677757024765015 76000
1774002302988 0.9672969579696655 76800
1774002397689 0.9669753313064575 77600
1774002495276 0.9665390253067017 78400
1774002591705 0.9663424491882324 79200
1774002689280 0.9660965204238892 80000
1774002789191 0.9657341241836548 80800
1774002883956 0.9653263688087463 81600
1774002978282 0.9652004241943359 82400
1774003067190 0.9648694396018982 83200
1774003154475 0.9641954898834229 84000
1774003243605 0.9638404250144958 84800
1774003335839 0.9636058807373047 85600
1774003423414 0.9630371928215027 86400
1774003512436 0.9627380967140198 87200
1774003599921 0.9619717597961426 88000
1774003690233 0.9616831541061401 88800
1774003779697 0.9608984589576721 89600
1774003872410 0.9605023264884949 90400
1774003961783 0.9601047039031982 91200
1774004051143 0.9595543146133423 92000
1774004140403 0.9589845538139343 92800
1774004229903 0.9585933685302734 93600
1774004319498 0.957993745803833 94400
1774004408576 0.9575009346008301 95200
1774004497862 0.9565699100494385 96000
1774004588116 0.9557647705078125 96800
1774004678271 0.9549588561058044 97600
1774004768933 0.954359769821167 98400
1774004858451 0.9535382986068726 99200
1774004948793 0.9534416198730469 100000
1774005038539 0.9530230760574341 100800
1774005128351 0.9522147178649902 101600
1774005216229 0.9518414735794067 102400
1774005306248 0.9510869979858398 103200
1774005394318 0.9504262208938599 104000
1774005483879 0.9499149918556213 104800
1774005573872 0.9493441581726074 105600
1774005662054 0.9484325647354126 106400
1774005751490 0.9480904936790466 107200
1774005839606 0.947397768497467 108000
1774005932552 0.9469243884086609 108800
1774006022379 0.946189820766449 109600
1774006112246 0.9451874494552612 110400
1774006200498 0.9447775483131409 111200
1774006288812 0.9441063404083252 112000
1774006377173 0.9432387948036194 112800
1774006468061 0.9424917101860046 113600
1774006558173 0.9415111541748047 114400
1774006648041 0.941163182258606 115200
1774006736450 0.9410468339920044 116000
1774006826429 0.940254807472229 116800
1774006916598 0.939503014087677 117600
1774007005183 0.9386979937553406 118400
1774007093759 0.9379327893257141 119200
1774007183262 0.937049925327301 120000
1774007274459 0.9368059635162354 120800
1774007365105 0.9357714653015137 121600
1774007460243 0.9344081282615662 122400
1774007561246 0.9336023330688477 123200
1774007659300 0.9331585168838501 124000
1774007755589 0.9330686926841736 124800
1774007853340 0.9324116706848145 125600
1774007951269 0.93167644739151 126400
1774008047795 0.9307904243469238 127200
1774008143781 0.9297682642936707 128000
1774008242454 0.9290518760681152 128800
1774008340644 0.9285659193992615 129600
1774008437134 0.927808940410614 130400
1774008535329 0.9271649122238159 131200
1774008638548 0.9262118935585022 132000
1774008735090 0.9256098866462708 132800
1774008834661 0.9247657060623169 133600
1774008933145 0.9243097305297852 134400
1774009030591 0.9234523773193359 135200
1774009127567 0.922531008720398 136000
1774009225172 0.9218170046806335 136800
1774009322286 0.9210942387580872 137600
1774009420940 0.9200053215026855 138400
1774009518273 0.9191474914550781 139200
1774009615475 0.9186623096466064 140000
1774009715390 0.9179264307022095 140800
1774009815410 0.9173656702041626 141600
1774009913294 0.9164440631866455 142400
1774010010715 0.9157722592353821 143200
1774010109989 0.9147837162017822 144000
1774010212541 0.9140692353248596 144800
1774010309901 0.9134917855262756 145600
1774010407260 0.9127802848815918 146400
1774010509369 0.9123134016990662 147200
1774010611300 0.9113374352455139 148000
1774010713311 0.9106920957565308 148800
1774010818976 0.9100931286811829 149600
1774010925866 0.9092661142349243 150400
