1773993602796 99.79987335205078 800
1773993699234 99.80350494384766 1600
1773993793960 99.80567932128906 2400
1773993891158 99.80937957763672 3200
1773993983586 99.81021881103516 4000
1773994077429 99.81441497802734 4800
1773994174442 99.81383514404297 5600
1773994268346 99.81333923339844 6400
1773994362285 99.8156509399414 7200
1773994454604 99.81182861328125 8000
1773994542871 99.80805969238281 8800
1773994630737 99.80879974365234 9600
1773994717257 99.80592346191406 10400
1773994803949 99.80551147460938 11200
1773994891765 99.80345153808594 12000
1773994978456 99.80326080322266 12800
1773995064361 99.80020141601562 13600
1773995154597 99.79946899414062 14400
1773995244759 99.79878997802734 15200
1773995331409 99.79808044433594 16000
1773995418136 99.80045318603516 16800
1773995503468 99.79854583740234 17600
1773995590489 99.7972183227539 18400
1773995676145 99.79622650146484 19200
1773995761554 99.79627990722656 20000
1773995847002 99.79203796386719 20800
1773995934380 99.79424285888672 21600
1773996021549 99.79246520996094 22400
1773996111954 99.79278564453125 23200
1773996197497 99.7937240600586 24000
1773996283296 99.79225158691406 24800
1773996370904 99.79544067382812 25600
1773996458083 99.7939224243164 26400
1773996545665 99.79283142089844 27200
1773996633155 99.7894515991211 28000
1773996721424 99.79066467285156 28800
1773996806996 99.79208374023438 29600
1773996894620 99.79156494140625 30400
1773996982993 99.79203033447266 31200
1773997070479 99.79290771484375 32000
1773997156404 99.7921142578125 32800
1773997243879 99.79110717773438 33600
1773997331672 99.78887176513672 34400
1773997420299 99.79412841796875 35200
1773997507945 99.78981018066406 36000
1773997595723 99.79285430908203 36800
1773997682156 99.78880310058594 37600
1773997773245 99.78511047363281 38400
1773997863835 99.78569030761719 39200
1773997951626 99.78800201416016 40000
1773998039429 99.78783416748047 40800
1773998130822 99.78760528564453 41600
1773998217083 99.79055786132812 42400
1773998305010 99.78800201416016 43200
1773998393731 99.79000854492188 44000
1773998480061 99.78445434570312 44800
1773998568133 99.78492736816406 45600
1773998657036 99.78773498535156 46400
1773998744816 99.78338623046875 47200
1773998840613 99.78825378417969 48000
1773998939313 99.78614807128906 48800
1773999040628 99.78294372558594 49600
1773999134538 99.78312683105469 50400
1773999228134 99.78225708007812 51200
1773999323419 99.78439331054688 52000
1773999418757 99.78545379638672 52800
1773999514153 99.77911376953125 53600
1773999608072 99.78233337402344 54400
1773999703556 99.78242492675781 55200
1773999799379 99.78540802001953 56000
1773999894862 99.78316497802734 56800
1773999991597 99.78077697753906 57600
1774000087595 99.77951049804688 58400
1774000181551 99.7846450805664 59200
1774000275834 99.77880096435547 60000
1774000371812 99.77828216552734 60800
1774000471056 99.77847290039062 61600
1774000567107 99.77774810791016 62400
1774000661287 99.7763900756836 63200
1774000760398 99.77965545654297 64000
1774000856618 99.77751922607422 64800
1774000953638 99.7743148803711 65600
1774001047876 99.77369689941406 66400
1774001147241 99.77833557128906 67200
1774001241937 99.77666473388672 68000
1774001337927 99.77580261230469 68800
1774001434847 99.77519226074219 69600
1774001531222 99.77388000488281 70400
1774001627366 99.77509307861328 71200
1774001721873 99.77273559570312 72000
1774001818044 99.77352142333984 72800
1774001914303 99.771240234375 73600
1774002009156 99.77437591552734 74400
1774002108919 99.77478790283203 75200
1774002205437 99.77254486083984 76000
1774002302988 99.77347564697266 76800
1774002397689 99.77366638183594 77600
1774002495276 99.77151489257812 78400
1774002591705 99.77666473388672 79200
1774002689280 99.7717514038086 80000
1774002789191 99.77278900146484 80800
1774002883956 99.77655029296875 81600
1774002978282 99.7730712890625 82400
1774003067190 99.77156829833984 83200
1774003154475 99.77249145507812 84000
1774003243605 99.77213287353516 84800
1774003335839 99.77423858642578 85600
1774003423414 99.7717056274414 86400
1774003512436 99.76907348632812 87200
1774003599921 99.77215576171875 88000
1774003690233 99.77196502685547 88800
1774003779697 99.76943969726562 89600
1774003872410 99.77250671386719 90400
1774003961783 99.77112579345703 91200
1774004051143 99.77249145507812 92000
1774004140403 99.77396392822266 92800
1774004229903 99.77567291259766 93600
1774004319498 99.77145385742188 94400
1774004408576 99.77339172363281 95200
1774004497862 99.77536010742188 96000
1774004588116 99.77072143554688 96800
1774004678271 99.76988220214844 97600
1774004768933 99.7665786743164 98400
1774004858451 99.77283477783203 99200
1774004948793 99.77200317382812 100000
1774005038539 99.76593017578125 100800
1774005128351 99.77182006835938 101600
1774005216229 99.76941680908203 102400
1774005306248 99.76728820800781 103200
1774005394318 99.76805114746094 104000
1774005483879 99.76851654052734 104800
1774005573872 99.76930236816406 105600
1774005662054 99.77284240722656 106400
1774005751490 99.7683334350586 107200
1774005839606 99.76641082763672 108000
1774005932552 99.77265930175781 108800
1774006022379 99.769287109375 109600
1774006112246 99.76578521728516 110400
1774006200498 99.76588439941406 111200
1774006288812 99.76850128173828 112000
1774006377173 99.7627944946289 112800
1774006468061 99.76313781738281 113600
1774006558173 99.76396942138672 114400
1774006648041 99.76753997802734 115200
1774006736450 99.76885986328125 116000
1774006826429 99.77043914794922 116800
1774006916598 99.762451171875 117600
1774007005183 99.76570892333984 118400
1774007093759 99.76557159423828 119200
1774007183262 99.76522827148438 120000
1774007274459 99.77031707763672 120800
1774007365105 99.76991271972656 121600
1774007460243 99.76565551757812 122400
1774007561246 99.76264953613281 123200
1774007659300 99.76156616210938 124000
1774007755589 99.76329803466797 124800
1774007853340 99.7652816772461 125600
1774007951269 99.76681518554688 126400
1774008047795 99.76630401611328 127200
1774008143781 99.76322174072266 128000
1774008242454 99.76338195800781 128800
1774008340644 99.76371002197266 129600
1774008437134 99.76773834228516 130400
1774008535329 99.76811218261719 131200
1774008638548 99.7638168334961 132000
1774008735090 99.7674331665039 132800
1774008834661 99.76335906982422 133600
1774008933145 99.76466369628906 134400
1774009030591 99.75994873046875 135200
1774009127567 99.76216888427734 136000
1774009225172 99.75984954833984 136800
1774009322286 99.76165771484375 137600
1774009420940 99.75881958007812 138400
1774009518273 99.75666809082031 139200
1774009615475 99.7625503540039 140000
1774009715390 99.76295471191406 140800
1774009815410 99.76294708251953 141600
1774009913294 99.75770568847656 142400
1774010010715 99.75984954833984 143200
1774010109989 99.75729370117188 144000
1774010212541 99.75357055664062 144800
1774010309901 99.75473022460938 145600
1774010407260 99.75846862792969 146400
1774010509369 99.76307678222656 147200
1774010611300 99.75791931152344 148000
1774010713311 99.7557601928711 148800
1774010818976 99.75712585449219 149600
1774010925866 99.75623321533203 150400
