1773993602796 0.6286940574645996 800
1773993699234 0.6648257374763489 1600
1773993793960 0.683632493019104 2400
1773993891158 0.7171770930290222 3200
1773993983586 0.7215080857276917 4000
1773994077429 0.7529458999633789 4800
1773994174442 0.7554672360420227 5600
1773994268346 0.7643523216247559 6400
1773994362285 0.779958188533783 7200
1773994803949 0.7802733182907104 11200
1773994978456 0.7838178277015686 12800
1773995418136 0.7928557395935059 16800
1773997070479 0.7932850122451782 32000
1773997156404 0.7952895760536194 32800
1773997420299 0.7961950302124023 35200
1773997595723 0.7971543073654175 36800
