1773993602796 32.594261169433594 800
1773993699234 31.661205291748047 1600
1773993793960 30.894268035888672 2400
1773993891158 30.248340606689453 3200
1773993983586 29.68910026550293 4000
1773994077429 29.308706283569336 4800
1773994174442 28.993406295776367 5600
1773994268346 28.837308883666992 6400
1773994362285 28.84284019470215 7200
1773994454604 28.822425842285156 8000
1773994542871 28.799346923828125 8800
1773994630737 28.847814559936523 9600
1773994717257 29.011356353759766 10400
1773994803949 29.06245994567871 11200
1773994891765 29.1845703125 12000
1773994978456 29.260574340820312 12800
1773995064361 29.265506744384766 13600
1773995154597 29.27475929260254 14400
1773995244759 29.171823501586914 15200
1773995331409 29.089786529541016 16000
1773995418136 29.153623580932617 16800
1773995503468 29.484891891479492 17600
1773995590489 29.42836570739746 18400
1773995676145 29.491249084472656 19200
1773995761554 29.453725814819336 20000
1773995847002 29.41826820373535 20800
1773995934380 29.234357833862305 21600
1773996021549 29.167890548706055 22400
1773996111954 29.237932205200195 23200
1773996197497 29.325639724731445 24000
1773996283296 29.328968048095703 24800
1773996370904 29.204700469970703 25600
1773996458083 29.298934936523438 26400
1773996545665 29.344921112060547 27200
1773996633155 29.360767364501953 28000
1773996721424 29.50439453125 28800
1773996806996 29.51956558227539 29600
1773996894620 29.671974182128906 30400
1773996982993 29.580402374267578 31200
1773997070479 29.6024112701416 32000
1773997156404 29.85500144958496 32800
1773997243879 29.74720001220703 33600
1773997331672 29.737882614135742 34400
1773997420299 29.4798641204834 35200
1773997507945 29.477428436279297 36000
1773997595723 29.31629180908203 36800
1773997682156 29.483110427856445 37600
1773997773245 29.449758529663086 38400
1773997863835 29.50560188293457 39200
1773997951626 29.405656814575195 40000
1773998039429 29.551177978515625 40800
1773998130822 29.476520538330078 41600
1773998217083 29.23870086669922 42400
1773998305010 29.459300994873047 43200
1773998393731 29.45060157775879 44000
1773998480061 29.572202682495117 44800
1773998568133 29.532121658325195 45600
1773998657036 29.288814544677734 46400
1773998744816 29.45157814025879 47200
1773998840613 29.392499923706055 48000
1773998939313 29.52321434020996 48800
1773999040628 29.538497924804688 49600
1773999134538 29.632095336914062 50400
1773999228134 29.651880264282227 51200
1773999323419 29.705245971679688 52000
1773999418757 29.60774040222168 52800
1773999514153 29.833932876586914 53600
1773999608072 29.679489135742188 54400
1773999703556 29.53801918029785 55200
1773999799379 29.495187759399414 56000
1773999894862 29.583581924438477 56800
1773999991597 29.583263397216797 57600
1774000087595 29.66507911682129 58400
1774000181551 29.409921646118164 59200
1774000275834 29.547618865966797 60000
1774000371812 29.644758224487305 60800
1774000471056 29.55877113342285 61600
1774000567107 29.443370819091797 62400
1774000661287 29.387882232666016 63200
1774000760398 29.340930938720703 64000
1774000856618 29.528209686279297 64800
1774000953638 29.7351131439209 65600
1774001047876 29.747392654418945 66400
1774001147241 29.62765121459961 67200
1774001241937 29.759471893310547 68000
1774001337927 29.769397735595703 68800
1774001434847 29.780527114868164 69600
1774001531222 29.88221549987793 70400
1774001627366 29.84219741821289 71200
1774001721873 30.004165649414062 72000
1774001818044 29.669118881225586 72800
1774001914303 29.780513763427734 73600
1774002009156 29.48042106628418 74400
1774002108919 29.57598304748535 75200
1774002205437 29.820493698120117 76000
1774002302988 29.580821990966797 76800
1774002397689 29.563961029052734 77600
1774002495276 29.706623077392578 78400
1774002591705 29.52267074584961 79200
1774002689280 29.96295738220215 80000
1774002789191 29.856786727905273 80800
1774002883956 29.736791610717773 81600
1774002978282 29.877635955810547 82400
1774003067190 29.957876205444336 83200
1774003154475 29.719642639160156 84000
1774003243605 29.67283821105957 84800
1774003335839 29.457054138183594 85600
1774003423414 29.616064071655273 86400
1774003512436 29.934696197509766 87200
1774003599921 29.709928512573242 88000
1774003690233 29.97283935546875 88800
1774003779697 30.080060958862305 89600
1774003872410 29.98472785949707 90400
1774003961783 30.015483856201172 91200
1774004051143 30.012636184692383 92000
1774004140403 29.78882598876953 92800
1774004229903 29.65057373046875 93600
1774004319498 30.022523880004883 94400
1774004408576 29.91990852355957 95200
1774004497862 29.74688148498535 96000
1774004588116 30.014198303222656 96800
1774004678271 29.98320198059082 97600
1774004768933 30.289505004882812 98400
1774004858451 29.78607749938965 99200
1774004948793 29.922027587890625 100000
1774005038539 30.209487915039062 100800
1774005128351 29.719276428222656 101600
1774005216229 30.00739288330078 102400
1774005306248 30.0589656829834 103200
1774005394318 29.903879165649414 104000
1774005483879 29.855026245117188 104800
1774005573872 30.048627853393555 105600
1774005662054 29.769697189331055 106400
1774005751490 29.97672462463379 107200
1774005839606 30.078622817993164 108000
1774005932552 29.613262176513672 108800
1774006022379 29.81840705871582 109600
1774006112246 30.115617752075195 110400
1774006200498 30.12032699584961 111200
1774006288812 30.0306339263916 112000
1774006377173 30.56418228149414 112800
1774006468061 30.4874210357666 113600
1774006558173 30.253385543823242 114400
1774006648041 29.934091567993164 115200
1774006736450 29.805315017700195 116000
1774006826429 29.74135398864746 116800
1774006916598 30.27942657470703 117600
1774007005183 29.951309204101562 118400
1774007093759 29.86085319519043 119200
1774007183262 29.906780242919922 120000
1774007274459 29.893054962158203 120800
1774007365105 29.749670028686523 121600
1774007460243 29.97414207458496 122400
1774007561246 30.118820190429688 123200
1774007659300 30.18939208984375 124000
1774007755589 30.153099060058594 124800
1774007853340 29.973548889160156 125600
1774007951269 29.869098663330078 126400
1774008047795 29.858030319213867 127200
1774008143781 30.08804702758789 128000
1774008242454 30.102447509765625 128800
1774008340644 30.062698364257812 129600
1774008437134 29.738367080688477 130400
1774008535329 29.793439865112305 131200
1774008638548 30.01191520690918 132000
1774008735090 29.844097137451172 132800
1774008834661 30.067975997924805 133600
1774008933145 30.043249130249023 134400
1774009030591 30.212881088256836 135200
1774009127567 30.060134887695312 136000
1774009225172 30.251211166381836 136800
1774009322286 30.12995147705078 137600
1774009420940 30.324783325195312 138400
1774009518273 30.415271759033203 139200
1774009615475 30.104141235351562 140000
1774009715390 29.811660766601562 140800
1774009815410 29.87258529663086 141600
1774009913294 30.3101863861084 142400
1774010010715 30.011093139648438 143200
1774010109989 30.277326583862305 144000
1774010212541 30.680118560791016 144800
1774010309901 30.76683235168457 145600
1774010407260 30.25800895690918 146400
1774010509369 30.083208084106445 147200
1774010611300 30.294631958007812 148000
1774010713311 30.620708465576172 148800
1774010818976 30.458024978637695 149600
1774010925866 30.250303268432617 150400
