1773993602796 -34149.30859375 800
1773993699234 -34693.55078125 1600
1773993793960 -35512.25390625 2400
1773993891158 -35830.3671875 3200
1773993983586 -36661.43359375 4000
1773994077429 -37363.2890625 4800
1773994174442 -38122.609375 5600
1773994268346 -38735.61328125 6400
1773994362285 -39367.98046875 7200
1773994454604 -40495.453125 8000
1773994542871 -41546.84765625 8800
1773994630737 -42073.80859375 9600
1773994717257 -43138.0234375 10400
1773994803949 -43464.83203125 11200
1773994891765 -44218.73046875 12000
1773994978456 -45447.390625 12800
1773995064361 -44873.390625 13600
1773995154597 -45154.203125 14400
1773995244759 -45410.40625 15200
1773995331409 -46843.40625 16000
1773995418136 -51472.953125 16800
1773995503468 -52558.53125 17600
1773995590489 -53319.140625 18400
1773995676145 -53149.703125 19200
1773995761554 -53220.765625 20000
1773995847002 -50257.453125 20800
1773995934380 -52706.46875 21600
1773996021549 -51593.015625 22400
1773996111954 -51775.90625 23200
1773996197497 -53049.671875 24000
1773996283296 -50205.90625 24800
1773996370904 -52522.75 25600
1773996458083 -52330.125 26400
1773996545665 -50683.609375 27200
1773996633155 -48404.90625 28000
1773996721424 -50667.5625 28800
1773996806996 -53402.328125 29600
1773996894620 -53563.96875 30400
1773996982993 -53049.53125 31200
1773997070479 -55435.5625 32000
1773997156404 -57532.171875 32800
1773997243879 -55633.359375 33600
1773997331672 -52660.390625 34400
1773997420299 -55341.65625 35200
1773997507945 -51816.359375 36000
1773997595723 -54392.0 36800
1773997682156 -51519.484375 37600
1773997773245 -46519.8046875 38400
1773997863835 -47591.65625 39200
1773997951626 -49478.921875 40000
1773998039429 -50695.59375 40800
1773998130822 -49689.25 41600
1773998217083 -50981.53125 42400
1773998305010 -49960.359375 43200
1773998393731 -51192.0625 44000
1773998480061 -47191.703125 44800
1773998568133 -48379.65625 45600
1773998657036 -50235.890625 46400
1773998744816 -47589.71875 47200
1773998840613 -51781.9375 48000
1773998939313 -51523.609375 48800
1773999040628 -48016.890625 49600
1773999134538 -48691.46875 50400
1773999228134 -47659.625 51200
1773999323419 -49036.546875 52000
1773999418757 -49799.453125 52800
1773999514153 -47433.30078125 53600
1773999608072 -47673.34375 54400
1773999703556 -46822.69140625 55200
1773999799379 -49370.125 56000
1773999894862 -47364.171875 56800
1773999991597 -47373.75 57600
1774000087595 -47149.953125 58400
1774000181551 -51137.4375 59200
1774000275834 -46887.54296875 60000
1774000371812 -47145.70703125 60800
1774000471056 -46905.5546875 61600
1774000567107 -46611.4375 62400
1774000661287 -46378.5859375 63200
1774000760398 -46365.984375 64000
1774000856618 -46863.85546875 64800
1774000953638 -47270.27734375 65600
1774001047876 -47237.26953125 66400
1774001147241 -49332.515625 67200
1774001241937 -49750.203125 68000
1774001337927 -48476.671875 68800
1774001434847 -48212.875 69600
1774001531222 -47574.06640625 70400
1774001627366 -47591.69921875 71200
1774001721873 -47995.6328125 72000
1774001818044 -47215.31640625 72800
1774001914303 -47418.66796875 73600
1774002009156 -47006.35546875 74400
1774002108919 -47394.359375 75200
1774002205437 -47850.27734375 76000
1774002302988 -47321.4921875 76800
1774002397689 -47286.6015625 77600
1774002495276 -47596.77734375 78400
1774002591705 -47289.65234375 79200
1774002689280 -48250.625 80000
1774002789191 -47893.50390625 80800
1774002883956 -47760.69921875 81600
1774002978282 -48048.0 82400
1774003067190 -48140.64453125 83200
1774003154475 -47628.30859375 84000
1774003243605 -47400.734375 84800
1774003335839 -46932.0 85600
1774003423414 -47120.97265625 86400
1774003512436 -47770.03125 87200
1774003599921 -47322.7734375 88000
1774003690233 -47799.39453125 88800
1774003779697 -47882.55859375 89600
1774003872410 -47688.78515625 90400
1774003961783 -47633.984375 91200
1774004051143 -47670.4296875 92000
1774004140403 -47000.96484375 92800
1774004229903 -47361.140625 93600
1774004319498 -47491.0546875 94400
1774004408576 -47264.640625 95200
1774004497862 -46786.65625 96000
1774004588116 -47289.19921875 96800
1774004678271 -47258.58984375 97600
1774004768933 -47677.72265625 98400
1774004858451 -46807.82421875 99200
1774004948793 -47096.12890625 100000
1774005038539 -47647.6328125 100800
1774005128351 -46766.03125 101600
1774005216229 -47270.84375 102400
1774005306248 -47226.5625 103200
1774005394318 -46867.9375 104000
1774005483879 -46640.03515625 104800
1774005573872 -47149.3046875 105600
1774005662054 -46713.5703125 106400
1774005751490 -47025.68359375 107200
1774005839606 -47169.96875 108000
1774005932552 -46356.765625 108800
1774006022379 -46749.16796875 109600
1774006112246 -47365.296875 110400
1774006200498 -47357.4375 111200
1774006288812 -47351.30078125 112000
1774006377173 -48272.72265625 112800
1774006468061 -48188.26953125 113600
1774006558173 -47612.64453125 114400
1774006648041 -47202.17578125 115200
1774006736450 -46988.71875 116000
1774006826429 -46850.9921875 116800
1774006916598 -47674.9375 117600
1774007005183 -47037.21484375 118400
1774007093759 -46892.03515625 119200
1774007183262 -47102.61328125 120000
1774007274459 -48182.4140625 120800
1774007365105 -47698.72265625 121600
1774007460243 -47166.09765625 122400
1774007561246 -47427.68359375 123200
1774007659300 -47465.625 124000
1774007755589 -47642.859375 124800
1774007853340 -47301.11328125 125600
1774007951269 -47042.375 126400
1774008047795 -46808.26953125 127200
1774008143781 -47109.953125 128000
1774008242454 -47221.7578125 128800
1774008340644 -47045.9375 129600
1774008437134 -46778.16796875 130400
1774008535329 -46847.97265625 131200
1774008638548 -46919.53515625 132000
1774008735090 -47620.66796875 132800
1774008834661 -47396.94921875 133600
1774008933145 -48721.15234375 134400
1774009030591 -47335.7890625 135200
1774009127567 -47147.87109375 136000
1774009225172 -47386.4453125 136800
1774009322286 -47509.421875 137600
1774009420940 -47294.09765625 138400
1774009518273 -47305.1640625 139200
1774009615475 -47664.734375 140000
1774009715390 -46648.6171875 140800
1774009815410 -47240.04296875 141600
1774009913294 -46837.4375 142400
1774010010715 -47092.9140625 143200
1774010109989 -47262.55078125 144000
1774010212541 -47205.1171875 144800
1774010309901 -47415.46875 145600
1774010407260 -46690.625 146400
1774010509369 -47834.69140625 147200
1774010611300 -46786.78515625 148000
1774010713311 -47376.03515625 148800
1774010818976 -47913.07421875 149600
1774010925866 -46536.44921875 150400
