1773993602796 41037.6484375 800
1773993699234 39875.2734375 1600
1773993793960 39442.4296875 2400
1773993891158 39962.99609375 3200
1773993983586 40298.7265625 4000
1773994077429 40799.4609375 4800
1773994174442 41065.01953125 5600
1773994268346 41328.05078125 6400
1773994362285 41644.70703125 7200
1773994454604 41767.64453125 8000
1773994542871 41882.8203125 8800
1773994630737 42170.69140625 9600
1773994717257 42265.96875 10400
1773994803949 42424.9921875 11200
1773994891765 42600.015625 12000
1773994978456 42710.453125 12800
1773995064361 42712.203125 13600
1773995154597 42729.94140625 14400
1773995244759 42738.33203125 15200
1773995331409 42822.5234375 16000
1773995418136 43033.265625 16800
1773995503468 43163.26953125 17600
1773995590489 43198.3671875 18400
1773995676145 43201.53125 19200
1773995761554 43165.55859375 20000
1773995847002 43076.5390625 20800
1773995934380 43125.08984375 21600
1773996021549 43058.27734375 22400
1773996111954 43041.0625 23200
1773996197497 43079.46484375 24000
1773996283296 42914.63671875 24800
1773996370904 42937.74609375 25600
1773996458083 42929.09375 26400
1773996545665 42864.78515625 27200
1773996633155 42743.33984375 28000
1773996721424 42841.359375 28800
1773996806996 42965.21484375 29600
1773996894620 42994.2578125 30400
1773996982993 42947.875 31200
1773997070479 43026.59765625 32000
1773997156404 43131.8046875 32800
1773997243879 43017.625 33600
1773997331672 42888.70703125 34400
1773997420299 42855.57421875 35200
1773997507945 42728.52734375 36000
1773997595723 42771.3203125 36800
1773997682156 42683.39453125 37600
1773997773245 42409.56640625 38400
1773997863835 42469.3046875 39200
1773997951626 42502.59375 40000
1773998039429 42570.6015625 40800
1773998130822 42492.83984375 41600
1773998217083 42465.7734375 42400
1773998305010 42415.46484375 43200
1773998393731 42436.84765625 44000
1773998480061 42304.99609375 44800
1773998568133 42345.35546875 45600
1773998657036 42376.8203125 46400
1773998744816 42292.45703125 47200
1773998840613 42405.69921875 48000
1773998939313 42414.84765625 48800
1773999040628 42227.82421875 49600
1773999134538 42266.04296875 50400
1773999228134 42181.3671875 51200
1773999323419 42214.83984375 52000
1773999418757 42198.52734375 52800
1773999514153 41908.85546875 53600
1773999608072 42095.484375 54400
1773999703556 41943.69140625 55200
1773999799379 42121.83984375 56000
1773999894862 42039.70703125 56800
1773999991597 42093.66796875 57600
1774000087595 42064.54296875 58400
1774000181551 42173.5546875 59200
1774000275834 41948.2890625 60000
1774000371812 41935.4296875 60800
1774000471056 41966.875 61600
1774000567107 41829.51171875 62400
1774000661287 41703.58984375 63200
1774000760398 41879.234375 64000
1774000856618 41905.34375 64800
1774000953638 41780.53515625 65600
1774001047876 41817.38671875 66400
1774001147241 42067.09375 67200
1774001241937 42078.33203125 68000
1774001337927 41983.8671875 68800
1774001434847 41974.89453125 69600
1774001531222 41880.70703125 70400
1774001627366 41850.48046875 71200
1774001721873 41713.3828125 72000
1774001818044 41580.0546875 72800
1774001914303 41391.50390625 73600
1774002009156 41419.46875 74400
1774002108919 41567.609375 75200
1774002205437 41442.55078125 76000
1774002302988 41366.84765625 76800
1774002397689 41454.06640625 77600
1774002495276 41381.55078125 78400
1774002591705 41569.60546875 79200
1774002689280 41511.03515625 80000
1774002789191 41489.16796875 80800
1774002883956 41616.16015625 81600
1774002978282 41522.84375 82400
1774003067190 41362.04296875 83200
1774003154475 41294.734375 84000
1774003243605 41313.4296875 84800
1774003335839 41430.55859375 85600
1774003423414 41346.73046875 86400
1774003512436 41406.8203125 87200
1774003599921 41452.453125 88000
1774003690233 41616.40234375 88800
1774003779697 41446.265625 89600
1774003872410 41602.2578125 90400
1774003961783 41509.21875 91200
1774004051143 41567.14453125 92000
1774004140403 41500.69921875 92800
1774004229903 41604.81640625 93600
1774004319498 41463.828125 94400
1774004408576 41493.43359375 95200
1774004497862 41526.79296875 96000
1774004588116 41341.12109375 96800
1774004678271 41329.625 97600
1774004768933 41194.1171875 98400
1774004858451 41431.40234375 99200
1774004948793 41431.73046875 100000
1774005038539 41257.3515625 100800
1774005128351 41448.359375 101600
1774005216229 41402.98046875 102400
1774005306248 41266.46875 103200
1774005394318 41219.8046875 104000
1774005483879 41169.10546875 104800
1774005573872 41273.96484375 105600
1774005662054 41348.71875 106400
1774005751490 41096.90234375 107200
1774005839606 41045.19140625 108000
1774005932552 41356.24609375 108800
1774006022379 41266.5703125 109600
1774006112246 41117.53125 110400
1774006200498 41211.62890625 111200
1774006288812 41408.640625 112000
1774006377173 41175.56640625 112800
1774006468061 41165.39453125 113600
1774006558173 41172.3515625 114400
1774006648041 41356.60546875 115200
1774006736450 41440.375 116000
1774006826429 41459.7421875 116800
1774006916598 41210.13671875 117600
1774007005183 41372.13671875 118400
1774007093759 41218.421875 119200
1774007183262 41253.75 120000
1774007274459 41556.609375 120800
1774007365105 41507.046875 121600
1774007460243 41283.234375 122400
1774007561246 41061.11328125 123200
1774007659300 41016.515625 124000
1774007755589 41116.71484375 124800
1774007853340 41187.421875 125600
1774007951269 41260.8984375 126400
1774008047795 41263.09375 127200
1774008143781 41080.21484375 128000
1774008242454 41130.39453125 128800
1774008340644 41107.34375 129600
1774008437134 41231.93359375 130400
1774008535329 41186.6640625 131200
1774008638548 41181.64453125 132000
1774008735090 41364.83203125 132800
1774008834661 41272.19921875 133600
1774008933145 41407.49609375 134400
1774009030591 41093.77734375 135200
1774009127567 41151.46875 136000
1774009225172 41147.4375 136800
1774009322286 41221.53125 137600
1774009420940 41056.3984375 138400
1774009518273 41027.52734375 139200
1774009615475 41251.3359375 140000
1774009715390 41170.1171875 140800
1774009815410 41201.0546875 141600
1774009913294 41055.8359375 142400
1774010010715 41211.9375 143200
1774010109989 41217.69921875 144000
1774010212541 41005.421875 144800
1774010309901 40934.08984375 145600
1774010407260 41011.8515625 146400
1774010509369 41267.0625 147200
1774010611300 41125.8046875 148000
1774010713311 41054.92578125 148800
1774010818976 41212.140625 149600
1774010925866 41060.57421875 150400
