1773993602796 0.0034802297595888376 800
1773993699234 0.0024604976642876863 1600
1773993793960 0.0012198814656585455 2400
1773993891158 0.00030074419919401407 3200
1773993983586 -0.0009724514675326645 4000
1773994077429 -0.001792537746950984 4800
1773994174442 -0.002751093590632081 5600
1773994268346 -0.0036608597729355097 6400
1773994362285 -0.004560274071991444 7200
1773994454604 -0.005384557414799929 8000
1773994542871 -0.00638708658516407 8800
1773994630737 -0.007509281393140554 9600
1773994717257 -0.00836167111992836 10400
1773994803949 -0.009722724556922913 11200
1773994891765 -0.011114858090877533 12000
1773994978456 -0.012633184902369976 12800
1773995064361 -0.01368419174104929 13600
1773995154597 -0.014872523956000805 14400
1773995244759 -0.016159726306796074 15200
1773995331409 -0.017296424135565758 16000
1773995418136 -0.018293440341949463 16800
1773995503468 -0.019003253430128098 17600
1773995590489 -0.019607648253440857 18400
1773995676145 -0.020329901948571205 19200
1773995761554 -0.02104441449046135 20000
1773995847002 -0.021312639117240906 20800
1773995934380 -0.022045832127332687 21600
1773996021549 -0.02252477966248989 22400
1773996111954 -0.022954320535063744 23200
1773996197497 -0.023355931043624878 24000
1773996283296 -0.023776695132255554 24800
1773996370904 -0.024374447762966156 25600
1773996458083 -0.024706946685910225 26400
1773996545665 -0.025191061198711395 27200
1773996633155 -0.025653667747974396 28000
1773996721424 -0.02584933489561081 28800
1773996806996 -0.026176264509558678 29600
1773996894620 -0.026503635570406914 30400
1773996982993 -0.026933548972010612 31200
1773997070479 -0.02717912569642067 32000
1773997156404 -0.027379978448152542 32800
1773997243879 -0.02760721556842327 33600
1773997331672 -0.027813568711280823 34400
1773997420299 -0.028246095404028893 35200
1773997507945 -0.028542453423142433 36000
1773997595723 -0.028896130621433258 36800
1773997682156 -0.029162589460611343 37600
1773997773245 -0.0293769221752882 38400
1773997863835 -0.029645029455423355 39200
1773997951626 -0.02996288612484932 40000
1773998039429 -0.030172601342201233 40800
1773998130822 -0.030341554433107376 41600
1773998217083 -0.03071754053235054 42400
1773998305010 -0.03076714649796486 43200
1773998393731 -0.03113033063709736 44000
1773998480061 -0.03102811798453331 44800
1773998568133 -0.031412530690431595 45600
1773998657036 -0.03201025724411011 46400
1773998744816 -0.03198571875691414 47200
1773998840613 -0.032341934740543365 48000
1773998939313 -0.032339051365852356 48800
1773999040628 -0.03258192166686058 49600
1773999134538 -0.03274162486195564 50400
1773999228134 -0.03307541832327843 51200
1773999323419 -0.03337803855538368 52000
1773999418757 -0.03356459364295006 52800
1773999514153 -0.03370538353919983 53600
1773999608072 -0.03403998166322708 54400
1773999703556 -0.03423426300287247 55200
1773999799379 -0.03449663519859314 56000
1773999894862 -0.03465897589921951 56800
1773999991597 -0.03467938303947449 57600
1774000087595 -0.034849248826503754 58400
1774000181551 -0.03520487993955612 59200
1774000275834 -0.03526933863759041 60000
1774000371812 -0.03539304435253143 60800
1774000471056 -0.03575366362929344 61600
1774000567107 -0.036134231835603714 62400
1774000661287 -0.03617314621806145 63200
1774000760398 -0.036486174911260605 64000
1774000856618 -0.03640938177704811 64800
1774000953638 -0.03652049973607063 65600
1774001047876 -0.03662625327706337 66400
1774001147241 -0.0367267020046711 67200
1774001241937 -0.03660830110311508 68000
1774001337927 -0.03671739622950554 68800
1774001434847 -0.03693682700395584 69600
1774001531222 -0.03727202117443085 70400
1774001627366 -0.037469860166311264 71200
1774001721873 -0.03759847953915596 72000
1774001818044 -0.037851497530937195 72800
1774001914303 -0.03790263831615448 73600
1774002009156 -0.03825771063566208 74400
1774002108919 -0.03838006779551506 75200
1774002205437 -0.03854469954967499 76000
1774002302988 -0.03869374096393585 76800
1774002397689 -0.03874064236879349 77600
1774002495276 -0.038792576640844345 78400
1774002591705 -0.03897418454289436 79200
1774002689280 -0.03900225833058357 80000
1774002789191 -0.03918977454304695 80800
1774002883956 -0.03947124630212784 81600
1774002978282 -0.03932665288448334 82400
1774003067190 -0.03929048031568527 83200
1774003154475 -0.03955560550093651 84000
1774003243605 -0.03962375968694687 84800
1774003335839 -0.03962702304124832 85600
1774003423414 -0.03976459801197052 86400
1774003512436 -0.03976326063275337 87200
1774003599921 -0.040127694606781006 88000
1774003690233 -0.04005679860711098 88800
1774003779697 -0.040224339812994 89600
1774003872410 -0.04033614695072174 90400
1774003961783 -0.04043823480606079 91200
1774004051143 -0.040669724345207214 92000
1774004140403 -0.04082411900162697 92800
1774004229903 -0.04087698087096214 93600
1774004319498 -0.04091252386569977 94400
1774004408576 -0.04098653048276901 95200
1774004497862 -0.041439514607191086 96000
1774004588116 -0.041453767567873 96800
1774004678271 -0.0416603647172451 97600
1774004768933 -0.04165671393275261 98400
1774004858451 -0.04198865219950676 99200
1774004948793 -0.04178473353385925 100000
1774005038539 -0.04162893816828728 100800
1774005128351 -0.04213230684399605 101600
1774005216229 -0.0422055721282959 102400
1774005306248 -0.042304497212171555 103200
1774005394318 -0.04237303137779236 104000
1774005483879 -0.04243547096848488 104800
1774005573872 -0.04264722764492035 105600
1774005662054 -0.04290066286921501 106400
1774005751490 -0.04274177923798561 107200
1774005839606 -0.04274620860815048 108000
1774005932552 -0.04300767183303833 108800
1774006022379 -0.04300317540764809 109600
1774006112246 -0.0431993342936039 110400
1774006200498 -0.04314647614955902 111200
1774006288812 -0.043408866971731186 112000
1774006377173 -0.04335901141166687 112800
1774006468061 -0.0433434434235096 113600
1774006558173 -0.04368586465716362 114400
1774006648041 -0.04382810741662979 115200
1774006736450 -0.043618153780698776 116000
1774006826429 -0.043790269643068314 116800
1774006916598 -0.043539904057979584 117600
1774007005183 -0.04377656802535057 118400
1774007093759 -0.044044774025678635 119200
1774007183262 -0.044151756912469864 120000
1774007274459 -0.044063642621040344 120800
1774007365105 -0.04418120160698891 121600
1774007460243 -0.04438097029924393 122400
1774007561246 -0.04445497691631317 123200
1774007659300 -0.044499631971120834 124000
1774007755589 -0.04436946287751198 124800
1774007853340 -0.04450806602835655 125600
1774007951269 -0.044532861560583115 126400
1774008047795 -0.04465421289205551 127200
1774008143781 -0.04485206678509712 128000
1774008242454 -0.04493021219968796 128800
1774008340644 -0.04486070200800896 129600
1774008437134 -0.044965747743844986 130400
1774008535329 -0.04507393762469292 131200
1774008638548 -0.04504796117544174 132000
1774008735090 -0.04531944543123245 132800
1774008834661 -0.045216742902994156 133600
1774008933145 -0.045092590153217316 134400
1774009030591 -0.045102477073669434 135200
1774009127567 -0.04528732970356941 136000
1774009225172 -0.045201729983091354 136800
1774009322286 -0.045421257615089417 137600
1774009420940 -0.04546968638896942 138400
1774009518273 -0.0455557219684124 139200
1774009615475 -0.045855507254600525 140000
1774009715390 -0.045906443148851395 140800
1774009815410 -0.04587843269109726 141600
1774009913294 -0.04585623741149902 142400
1774010010715 -0.046041302382946014 143200
1774010109989 -0.04621298238635063 144000
1774010212541 -0.04610997438430786 144800
1774010309901 -0.04621082916855812 145600
1774010407260 -0.0464845634996891 146400
1774010509369 -0.04659014940261841 147200
1774010611300 -0.04665472358465195 148000
1774010713311 -0.046562373638153076 148800
1774010818976 -0.04655110463500023 149600
1774010925866 -0.046770911663770676 150400
