1773993602796 24671922.0 800
1773993699234 22271106.0 1600
1773993793960 21021470.0 2400
1773993891158 18792550.0 3200
1773993983586 18504770.0 4000
1773994077429 16415842.0 4800
1773994174442 16248309.0 5600
1773994268346 15657930.0 6400
1773994362285 14620976.0 7200
1773994454604 14892071.0 8000
1773994542871 15532516.0 8800
1773994630737 14783459.0 9600
1773994717257 15097191.0 10400
1773994803949 14600038.0 11200
1773994891765 14690426.0 12000
1773994978456 14364516.0 12800
1773995064361 14760246.0 13600
1773995154597 14693406.0 14400
1773995244759 14640143.0 15200
1773995331409 14488445.0 16000
1773995418136 13763978.0 16800
1773995503468 13798357.0 17600
1773995590489 14051883.0 18400
1773995676145 14028336.0 19200
1773995761554 13771511.0 20000
1773995847002 14858542.0 20800
1773995934380 14004744.0 21600
1773996021549 14261105.0 22400
1773996111954 14211006.0 23200
1773996197497 14103814.0 24000
1773996283296 14848084.0 24800
1773996370904 13997835.0 25600
1773996458083 14087793.0 26400
1773996545665 14426963.0 27200
1773996633155 14829580.0 28000
1773996721424 14518121.0 28800
1773996806996 14073932.0 29600
1773996894620 14241730.0 30400
1773996982993 14161659.0 31200
1773997070479 13735459.0 32000
1773997156404 13602260.0 32800
1773997243879 13857705.0 33600
1773997331672 14681219.0 34400
1773997420299 13542095.0 35200
1773997507945 14265986.0 36000
1773997595723 13478356.0 36800
1773997682156 14210107.0 37600
1773997773245 15420622.0 38400
1773997863835 15020484.0 39200
1773997951626 14361739.0 40000
1773998039429 14299447.0 40800
1773998130822 14556708.0 41600
1773998217083 13887918.0 42400
1773998305010 14394950.0 43200
1773998393731 13959456.0 44000
1773998480061 15512098.0 44800
1773998568133 14969397.0 45600
1773998657036 13947344.0 46400
1773998744816 14952902.0 47200
1773998840613 13617971.0 48000
1773998939313 14138479.0 48800
1773999040628 14825415.0 49600
1773999134538 14879852.0 50400
1773999228134 14880433.0 51200
1773999323419 14440797.0 52000
1773999418757 14201811.0 52800
1773999514153 15976511.0 53600
1773999608072 14620784.0 54400
1773999703556 14896289.0 55200
1773999799379 13949781.0 56000
1773999894862 14561540.0 56800
1773999991597 14846498.0 57600
1774000087595 14905287.0 58400
1774000181551 13603190.0 59200
1774000275834 15013333.0 60000
1774000371812 15213196.0 60800
1774000471056 14686775.0 61600
1774000567107 14853215.0 62400
1774000661287 15296632.0 63200
1774000760398 14297186.0 64000
1774000856618 14694272.0 64800
1774000953638 15683572.0 65600
1774001047876 15547816.0 66400
1774001147241 14193759.0 67200
1774001241937 14384302.0 68000
1774001337927 14740584.0 68800
1774001434847 14786134.0 69600
1774001531222 14916070.0 70400
1774001627366 14525022.0 71200
1774001721873 15240946.0 72000
1774001818044 15110112.0 72800
1774001914303 16121341.0 73600
1774002009156 15162094.0 74400
1774002108919 14819974.0 75200
1774002205437 15524006.0 76000
1774002302988 15393333.0 76800
1774002397689 14993198.0 77600
1774002495276 15461681.0 78400
1774002591705 14111102.0 79200
1774002689280 15304347.0 80000
1774002789191 15118440.0 80800
1774002883956 14081891.0 81600
1774002978282 15045053.0 82400
1774003067190 15874519.0 83200
1774003154475 15527010.0 84000
1774003243605 15492671.0 84800
1774003335839 14737863.0 85600
1774003423414 15260909.0 86400
1774003512436 15820392.0 87200
1774003599921 14793156.0 88000
1774003690233 14707488.0 88800
1774003779697 15597114.0 89600
1774003872410 14605072.0 90400
1774003961783 15123314.0 91200
1774004051143 14663119.0 92000
1774004140403 14398663.0 92800
1774004229903 13919698.0 93600
1774004319498 15133667.0 94400
1774004408576 14706057.0 95200
1774004497862 14004926.0 96000
1774004588116 15204440.0 96800
1774004678271 15266783.0 97600
1774004768933 16283353.0 98400
1774004858451 14131344.0 99200
1774004948793 14468097.0 100000
1774005038539 16327828.0 100800
1774005128351 14264919.0 101600
1774005216229 14960316.0 102400
1774005306248 15761476.0 103200
1774005394318 15683760.0 104000
1774005483879 15681348.0 104800
1774005573872 15374760.0 105600
1774005662054 14287983.0 106400
1774005751490 15906036.0 107200
1774005839606 16345361.0 108000
1774005932552 14173901.0 108800
1774006022379 14965615.0 109600
1774006112246 15927033.0 110400
1774006200498 15853644.0 111200
1774006288812 14787053.0 112000
1774006377173 16508040.0 112800
1774006468061 16553938.0 113600
1774006558173 15902513.0 114400
1774006648041 14662661.0 115200
1774006736450 14452843.0 116000
1774006826429 14036808.0 116800
1774006916598 16377281.0 117600
1774007005183 14880037.0 118400
1774007093759 15282412.0 119200
1774007183262 15196709.0 120000
1774007274459 13897781.0 120800
1774007365105 13889259.0 121600
1774007460243 15055823.0 122400
1774007561246 16063365.0 123200
1774007659300 16405872.0 124000
1774007755589 16042100.0 124800
1774007853340 15177847.0 125600
1774007951269 14699829.0 126400
1774008047795 14814831.0 127200
1774008143781 15805314.0 128000
1774008242454 15536489.0 128800
1774008340644 15644738.0 129600
1774008437134 14421228.0 130400
1774008535329 14471031.0 131200
1774008638548 15230001.0 132000
1774008735090 14010992.0 132800
1774008834661 15088868.0 133600
1774008933145 14590525.0 134400
1774009030591 16354187.0 135200
1774009127567 15568353.0 136000
1774009225172 16222187.0 136800
1774009322286 15460160.0 137600
1774009420940 16371295.0 138400
1774009518273 16822594.0 139200
1774009615475 14908367.0 140000
1774009715390 14912812.0 140800
1774009815410 14867645.0 141600
1774009913294 16480899.0 142400
1774010010715 15421165.0 143200
1774010109989 15819433.0 144000
1774010212541 17429386.0 144800
1774010309901 17458032.0 145600
1774010407260 15974482.0 146400
1774010509369 14474791.0 147200
1774010611300 15821562.0 148000
1774010713311 16735421.0 148800
1774010818976 15947074.0 149600
1774010925866 16121260.0 150400
