1773993602796 0.995575487613678 800
1773993699234 0.9947699904441833 1600
1773993793960 0.9944106340408325 2400
1773993891158 0.9935401678085327 3200
1773993983586 0.9926713705062866 4000
1773994077429 0.9912254810333252 4800
1773994174442 0.9899598360061646 5600
1773994268346 0.9891675114631653 6400
1773994362285 0.9881411790847778 7200
1773994454604 0.9868999719619751 8000
1773994542871 0.9856948852539062 8800
1773994630737 0.9851534366607666 9600
1773994717257 0.9840071797370911 10400
1773994803949 0.9831441640853882 11200
1773994891765 0.9821035861968994 12000
1773994978456 0.98103266954422 12800
1773995064361 0.9808981418609619 13600
1773995154597 0.9805871248245239 14400
1773995244759 0.9803141355514526 15200
1773995331409 0.9798778295516968 16000
1773995418136 0.9793910384178162 16800
1773995503468 0.9783870577812195 17600
1773995590489 0.978365421295166 18400
1773995676145 0.9777523875236511 19200
1773995761554 0.977281391620636 20000
1773995847002 0.9771864414215088 20800
1773995934380 0.9768320918083191 21600
1773996021549 0.9766770601272583 22400
1773996111954 0.9759059548377991 23200
1773996197497 0.9748488068580627 24000
1773996283296 0.9743194580078125 24800
1773996370904 0.9739033579826355 25600
1773996458083 0.9733723998069763 26400
1773996545665 0.9726759791374207 27200
1773996633155 0.9725110530853271 28000
1773996721424 0.9719926714897156 28800
1773996806996 0.9716635942459106 29600
1773996894620 0.9711305499076843 30400
1773996982993 0.9705079793930054 31200
1773997070479 0.9703026413917542 32000
1773997156404 0.9698301553726196 32800
1773997243879 0.9698334336280823 33600
1773997331672 0.969331681728363 34400
1773997420299 0.9692754149436951 35200
1773997507945 0.96903395652771 36000
1773997595723 0.9685518145561218 36800
1773997682156 0.9677022099494934 37600
1773997773245 0.9672507643699646 38400
1773997863835 0.9667144417762756 39200
1773997951626 0.9664192795753479 40000
1773998039429 0.965782642364502 40800
1773998130822 0.9652842879295349 41600
1773998217083 0.9652242660522461 42400
1773998305010 0.9647451043128967 43200
1773998393731 0.9639111757278442 44000
1773998480061 0.9639270901679993 44800
1773998568133 0.9637529850006104 45600
1773998657036 0.9634129405021667 46400
1773998744816 0.9629389047622681 47200
1773998840613 0.9621362090110779 48000
1773998939313 0.9617990851402283 48800
1773999040628 0.9616047739982605 49600
1773999134538 0.960993766784668 50400
1773999228134 0.9605793356895447 51200
1773999323419 0.9597120881080627 52000
1773999418757 0.9596254229545593 52800
1773999514153 0.9593213796615601 53600
1773999608072 0.9589096307754517 54400
1773999703556 0.958758533000946 55200
1773999799379 0.9583907127380371 56000
1773999894862 0.9577439427375793 56800
1773999991597 0.9581007957458496 57600
1774000087595 0.9578894376754761 58400
1774000181551 0.9576388001441956 59200
1774000275834 0.9572101831436157 60000
1774000371812 0.9566041231155396 60800
1774000471056 0.9564470052719116 61600
1774000567107 0.9561607837677002 62400
1774000661287 0.956282913684845 63200
1774000760398 0.955233097076416 64000
1774000856618 0.9551775455474854 64800
1774000953638 0.95465087890625 65600
1774001047876 0.954377293586731 66400
1774001147241 0.9541237950325012 67200
1774001241937 0.9541801810264587 68000
1774001337927 0.9538446068763733 68800
1774001434847 0.9533664584159851 69600
1774001531222 0.9526160359382629 70400
1774001627366 0.9521971344947815 71200
1774001721873 0.9515199065208435 72000
1774001818044 0.9516895413398743 72800
1774001914303 0.9516132473945618 73600
1774002009156 0.9513182044029236 74400
1774002108919 0.9507110714912415 75200
1774002205437 0.9501602053642273 76000
1774002302988 0.9502543210983276 76800
1774002397689 0.9502110481262207 77600
1774002495276 0.9500946402549744 78400
1774002591705 0.9497377276420593 79200
1774002689280 0.9490847587585449 80000
1774002789191 0.9489278197288513 80800
1774002883956 0.9482788443565369 81600
1774002978282 0.948328971862793 82400
1774003067190 0.9481321573257446 83200
1774003154475 0.9479662179946899 84000
1774003243605 0.9477461576461792 84800
1774003335839 0.94780433177948 85600
1774003423414 0.9474508166313171 86400
1774003512436 0.9468802213668823 87200
1774003599921 0.946260392665863 88000
1774003690233 0.9456301927566528 88800
1774003779697 0.9451709985733032 89600
1774003872410 0.9448668956756592 90400
1774003961783 0.9445079565048218 91200
1774004051143 0.9440699815750122 92000
1774004140403 0.9438263177871704 92800
1774004229903 0.9440174698829651 93600
1774004319498 0.943288266658783 94400
1774004408576 0.9427704811096191 95200
1774004497862 0.9422336220741272 96000
1774004588116 0.9419643878936768 96800
1774004678271 0.9417441487312317 97600
1774004768933 0.9412060976028442 98400
1774004858451 0.9410644173622131 99200
1774004948793 0.9408949613571167 100000
1774005038539 0.940813422203064 100800
1774005128351 0.9406479597091675 101600
1774005216229 0.9398514628410339 102400
1774005306248 0.9395713806152344 103200
1774005394318 0.939352810382843 104000
1774005483879 0.9391568899154663 104800
1774005573872 0.9382961392402649 105600
1774005662054 0.9379772543907166 106400
1774005751490 0.9378601908683777 107200
1774005839606 0.9376081824302673 108000
1774005932552 0.9373465180397034 108800
1774006022379 0.9371100068092346 109600
1774006112246 0.9363311529159546 110400
1774006200498 0.9360934495925903 111200
1774006288812 0.9354846477508545 112000
1774006377173 0.9351158738136292 112800
1774006468061 0.9352015852928162 113600
1774006558173 0.9351511597633362 114400
1774006648041 0.9351943731307983 115200
1774006736450 0.9354369044303894 116000
1774006826429 0.9350130558013916 116800
1774006916598 0.9349203705787659 117600
1774007005183 0.9349612593650818 118400
1774007093759 0.9344882965087891 119200
1774007183262 0.9341591000556946 120000
1774007274459 0.9336331486701965 120800
1774007365105 0.9335878491401672 121600
1774007460243 0.9328590631484985 122400
1774007561246 0.9323015213012695 123200
1774007659300 0.9320170283317566 124000
1774007755589 0.9318355321884155 124800
1774007853340 0.9315676093101501 125600
1774007951269 0.9316436648368835 126400
1774008047795 0.9311127662658691 127200
1774008143781 0.9304868578910828 128000
1774008242454 0.9298951029777527 128800
1774008340644 0.9294398427009583 129600
1774008437134 0.9293988943099976 130400
1774008535329 0.9291499853134155 131200
1774008638548 0.9290819764137268 132000
1774008735090 0.9288427829742432 132800
1774008834661 0.928760826587677 133600
1774008933145 0.9286894798278809 134400
1774009030591 0.9287001490592957 135200
1774009127567 0.9283179044723511 136000
1774009225172 0.9282436370849609 136800
1774009322286 0.9277539849281311 137600
1774009420940 0.927153468132019 138400
1774009518273 0.9269248247146606 139200
1774009615475 0.9264196157455444 140000
1774009715390 0.9267026782035828 140800
1774009815410 0.9263238906860352 141600
1774009913294 0.9259214997291565 142400
1774010010715 0.9258956909179688 143200
1774010109989 0.9255713224411011 144000
1774010212541 0.9250136613845825 144800
1774010309901 0.923911452293396 145600
1774010407260 0.9238097071647644 146400
1774010509369 0.9235131144523621 147200
1774010611300 0.9233742356300354 148000
1774010713311 0.9228946566581726 148800
1774010818976 0.9226870536804199 149600
1774010925866 0.9228726029396057 150400
