1773993602796 6.786219596862793 800
1773993699234 5.882752895355225 1600
1773993793960 6.662930488586426 2400
1773993891158 5.591350555419922 3200
1773993983586 7.769477844238281 4000
1773994077429 6.406580924987793 4800
1773994174442 7.726389408111572 5600
1773994268346 7.854629039764404 6400
1773994362285 6.97129487991333 7200
1773994454604 7.980763912200928 8000
1773994542871 9.67381477355957 8800
1773994630737 9.416919708251953 9600
1773994717257 10.13390064239502 10400
1773994803949 9.45139217376709 11200
1773994891765 9.939297676086426 12000
1773994978456 9.263300895690918 12800
1773995064361 10.11413860321045 13600
1773995154597 10.065108299255371 14400
1773995244759 10.028005599975586 15200
1773995331409 10.027091026306152 16000
1773995418136 9.179498672485352 16800
1773995503468 9.042097091674805 17600
1773995590489 10.233015060424805 18400
1773995676145 9.93304443359375 19200
1773995761554 9.033552169799805 20000
1773995847002 11.406965255737305 20800
1773995934380 9.744930267333984 21600
1773996021549 10.202415466308594 22400
1773996111954 10.044506072998047 23200
1773996197497 10.090688705444336 24000
1773996283296 11.486331939697266 24800
1773996370904 9.93224048614502 25600
1773996458083 9.980095863342285 26400
1773996545665 10.366045951843262 27200
1773996633155 10.758685111999512 28000
1773996721424 10.550708770751953 28800
1773996806996 10.019735336303711 29600
1773996894620 10.41409969329834 30400
1773996982993 10.103670120239258 31200
1773997070479 9.467398643493652 32000
1773997156404 9.268338203430176 32800
1773997243879 9.983926773071289 33600
1773997331672 11.589446067810059 34400
1773997420299 9.280651092529297 35200
1773997507945 10.493667602539062 36000
1773997595723 8.888708114624023 36800
1773997682156 10.172005653381348 37600
1773997773245 11.762907028198242 38400
1773997863835 11.203829765319824 39200
1773997951626 10.191673278808594 40000
1773998039429 10.208868980407715 40800
1773998130822 10.702128410339355 41600
1773998217083 9.465341567993164 42400
1773998305010 10.531526565551758 43200
1773998393731 9.612942695617676 44000
1773998480061 12.33544921875 44800
1773998568133 11.403341293334961 45600
1773998657036 9.29934310913086 46400
1773998744816 11.087944984436035 47200
1773998840613 8.740471839904785 48000
1773998939313 10.18139362335205 48800
1773999040628 11.028570175170898 49600
1773999134538 11.311291694641113 50400
1773999228134 10.995201110839844 51200
1773999323419 10.230587005615234 52000
1773999418757 9.940853118896484 52800
1773999514153 12.121725082397461 53600
1773999608072 10.339921951293945 54400
1773999703556 10.57553768157959 55200
1773999799379 9.179736137390137 56000
1773999894862 10.196702003479004 56800
1773999991597 10.857284545898438 57600
1774000087595 10.913924217224121 58400
1774000181551 8.700143814086914 59200
1774000275834 10.815916061401367 60000
1774000371812 11.179778099060059 60800
1774000471056 10.122052192687988 61600
1774000567107 9.940583229064941 62400
1774000661287 10.668516159057617 63200
1774000760398 9.256698608398438 64000
1774000856618 10.169224739074707 64800
1774000953638 11.452057838439941 65600
1774001047876 11.290538787841797 66400
1774001147241 9.712373733520508 67200
1774001241937 10.419026374816895 68000
1774001337927 11.037459373474121 68800
1774001434847 10.977624893188477 69600
1774001531222 10.64829158782959 70400
1774001627366 9.977483749389648 71200
1774001721873 10.811315536499023 72000
1774001818044 10.337417602539062 72800
1774001914303 11.54013442993164 73600
1774002009156 10.0138521194458 74400
1774002108919 9.750391960144043 75200
1774002205437 10.584894180297852 76000
1774002302988 10.393829345703125 76800
1774002397689 10.082629203796387 77600
1774002495276 10.67491340637207 78400
1774002591705 8.931990623474121 79200
1774002689280 10.641741752624512 80000
1774002789191 10.36967658996582 80800
1774002883956 8.830918312072754 81600
1774002978282 10.538469314575195 82400
1774003067190 11.652225494384766 83200
1774003154475 10.890321731567383 84000
1774003243605 10.86816120147705 84800
1774003335839 10.232195854187012 85600
1774003423414 10.793082237243652 86400
1774003512436 11.720483779907227 87200
1774003599921 10.073187828063965 88000
1774003690233 10.451104164123535 88800
1774003779697 11.41456127166748 89600
1774003872410 10.258390426635742 90400
1774003961783 10.897235870361328 91200
1774004051143 10.17287826538086 92000
1774004140403 9.635780334472656 92800
1774004229903 9.211331367492676 93600
1774004319498 10.905404090881348 94400
1774004408576 10.440840721130371 95200
1774004497862 8.898648262023926 96000
1774004588116 10.48696231842041 96800
1774004678271 10.399531364440918 97600
1774004768933 11.675963401794434 98400
1774004858451 8.80100154876709 99200
1774004948793 9.76012897491455 100000
1774005038539 12.177726745605469 100800
1774005128351 9.059686660766602 101600
1774005216229 10.052736282348633 102400
1774005306248 10.84697437286377 103200
1774005394318 10.643567085266113 104000
1774005483879 10.656264305114746 104800
1774005573872 10.253453254699707 105600
1774005662054 8.712092399597168 106400
1774005751490 10.900217056274414 107200
1774005839606 11.406954765319824 108000
1774005932552 8.6961088180542 108800
1774006022379 9.81163501739502 109600
1774006112246 10.54055404663086 110400
1774006200498 10.834017753601074 111200
1774006288812 9.353292465209961 112000
1774006377173 11.37220573425293 112800
1774006468061 11.609147071838379 113600
1774006558173 10.501775741577148 114400
1774006648041 9.132768630981445 115200
1774006736450 9.49560546875 116000
1774006826429 8.740803718566895 116800
1774006916598 11.92778491973877 117600
1774007005183 10.085846900939941 118400
1774007093759 10.148555755615234 119200
1774007183262 10.03000545501709 120000
1774007274459 9.01604175567627 120800
1774007365105 8.821640968322754 121600
1774007460243 9.863804817199707 122400
1774007561246 10.66733169555664 123200
1774007659300 11.100481033325195 124000
1774007755589 11.281540870666504 124800
1774007853340 10.186821937561035 125600
1774007951269 9.806551933288574 126400
1774008047795 9.820311546325684 127200
1774008143781 10.572325706481934 128000
1774008242454 10.241178512573242 128800
1774008340644 10.612527847290039 129600
1774008437134 9.273385047912598 130400
1774008535329 9.40274429321289 131200
1774008638548 10.398916244506836 132000
1774008735090 8.645981788635254 132800
1774008834661 10.287888526916504 133600
1774008933145 10.174233436584473 134400
1774009030591 11.964010238647461 135200
1774009127567 10.86701774597168 136000
1774009225172 11.857416152954102 136800
1774009322286 10.75741195678711 137600
1774009420940 11.570649147033691 138400
1774009518273 11.969698905944824 139200
1774009615475 9.756976127624512 140000
1774009715390 9.612419128417969 140800
1774009815410 9.810888290405273 141600
1774009913294 11.678069114685059 142400
1774010010715 10.403023719787598 143200
1774010109989 10.759799003601074 144000
1774010212541 12.532388687133789 144800
1774010309901 12.390296936035156 145600
1774010407260 10.54276180267334 146400
1774010509369 8.979889869689941 147200
1774010611300 10.320432662963867 148000
1774010713311 11.616416931152344 148800
1774010818976 11.07536792755127 149600
1774010925866 10.675623893737793 150400
