1773993602796 0.9977898597717285 800
1773993699234 0.9987500309944153 1600
1773993793960 0.9994085431098938 2400
1773993891158 0.9993794560432434 3200
1773993983586 0.9995120167732239 4000
1773994077429 0.9988566040992737 4800
1773994174442 0.9979279041290283 5600
1773994268346 0.9963098168373108 6400
1773994362285 0.9939754009246826 7200
1773994454604 0.9920654892921448 8000
1773994542871 0.9899564981460571 8800
1773994630737 0.9872846603393555 9600
1773994717257 0.9849783182144165 10400
1773994803949 0.9828383922576904 11200
1773994891765 0.9806544780731201 12000
1773994978456 0.9793245196342468 12800
1773995064361 0.977611243724823 13600
1773995154597 0.976329505443573 14400
1773995244759 0.97491055727005 15200
1773995331409 0.9732561111450195 16000
1773995418136 0.9713002443313599 16800
1773995503468 0.9699044227600098 17600
1773995590489 0.9683751463890076 18400
1773995676145 0.9671305418014526 19200
1773995761554 0.9662061929702759 20000
1773995847002 0.9648969173431396 20800
1773995934380 0.9640141129493713 21600
1773996021549 0.9630122780799866 22400
1773996111954 0.9616847038269043 23200
1773996197497 0.9601396918296814 24000
1773996283296 0.9588838219642639 24800
1773996370904 0.9578939080238342 25600
1773996458083 0.9566783308982849 26400
1773996545665 0.9558534026145935 27200
1773996633155 0.9546201825141907 28000
1773996721424 0.9532061219215393 28800
1773996806996 0.9514915347099304 29600
1773996894620 0.9499941468238831 30400
1773996982993 0.9490882754325867 31200
1773997070479 0.9474541544914246 32000
1773997156404 0.9456456899642944 32800
1773997243879 0.9446646571159363 33600
1773997331672 0.9432477355003357 34400
1773997420299 0.9422236680984497 35200
1773997507945 0.941159725189209 36000
1773997595723 0.9398570656776428 36800
1773997682156 0.9384965896606445 37600
1773997773245 0.9374794960021973 38400
1773997863835 0.9361076951026917 39200
1773997951626 0.9346562623977661 40000
1773998039429 0.932732343673706 40800
1773998130822 0.9317660331726074 41600
1773998217083 0.9305540919303894 42400
1773998305010 0.9290854334831238 43200
1773998393731 0.9275400042533875 44000
1773998480061 0.9257333278656006 44800
1773998568133 0.9245476126670837 45600
1773998657036 0.9233914613723755 46400
1773998744816 0.921653687953949 47200
1773998840613 0.9203851222991943 48000
1773998939313 0.9184696078300476 48800
1773999040628 0.9173067212104797 49600
1773999134538 0.9156329035758972 50400
1773999228134 0.9141479134559631 51200
1773999323419 0.9127578139305115 52000
1773999418757 0.9113028049468994 52800
1773999514153 0.910026490688324 53600
1773999608072 0.9082653522491455 54400
1773999703556 0.9072578549385071 55200
1773999799379 0.9054872989654541 56000
1773999894862 0.9037533402442932 56800
1773999991597 0.9020652770996094 57600
1774000087595 0.9006273150444031 58400
1774000181551 0.8994583487510681 59200
1774000275834 0.8981682062149048 60000
1774000371812 0.8965808749198914 60800
1774000471056 0.8956096172332764 61600
1774000567107 0.8946918249130249 62400
1774000661287 0.8928621411323547 63200
1774000760398 0.8910775780677795 64000
1774000856618 0.8895978927612305 64800
1774000953638 0.8882151246070862 65600
1774001047876 0.8867716789245605 66400
1774001147241 0.8847509026527405 67200
1774001241937 0.8824717998504639 68000
1774001337927 0.8808960914611816 68800
1774001434847 0.879672646522522 69600
1774001531222 0.8783243894577026 70400
1774001627366 0.8769630193710327 71200
1774001721873 0.8755589723587036 72000
1774001818044 0.8744661808013916 72800
1774001914303 0.8730668425559998 73600
1774002009156 0.8718113899230957 74400
1774002108919 0.8699985146522522 75200
1774002205437 0.8681902885437012 76000
1774002302988 0.8671942353248596 76800
1774002397689 0.8652313947677612 77600
1774002495276 0.8631296753883362 78400
1774002591705 0.8611607551574707 79200
1774002689280 0.8591026663780212 80000
1774002789191 0.8575336337089539 80800
1774002883956 0.8558571338653564 81600
1774002978282 0.8538613319396973 82400
1774003067190 0.8525255918502808 83200
1774003154475 0.8512610793113708 84000
1774003243605 0.8495657444000244 84800
1774003335839 0.8475189208984375 85600
1774003423414 0.8456929922103882 86400
1774003512436 0.8434976935386658 87200
1774003599921 0.8421199917793274 88000
1774003690233 0.840067446231842 88800
1774003779697 0.8386955857276917 89600
1774003872410 0.8370617628097534 90400
1774003961783 0.8353383541107178 91200
1774004051143 0.8336517810821533 92000
1774004140403 0.8320298790931702 92800
1774004229903 0.8303580284118652 93600
1774004319498 0.8284834027290344 94400
1774004408576 0.8266212344169617 95200
1774004497862 0.8250128030776978 96000
1774004588116 0.8231392502784729 96800
1774004678271 0.8214898109436035 97600
1774004768933 0.8195324540138245 98400
1774004858451 0.8179463744163513 99200
1774004948793 0.8155452013015747 100000
1774005038539 0.8133889436721802 100800
1774005128351 0.811677098274231 101600
1774005216229 0.81008380651474 102400
1774005306248 0.8088669776916504 103200
1774005394318 0.8068894743919373 104000
1774005483879 0.8046696186065674 104800
1774005573872 0.8031927347183228 105600
1774005662054 0.8012139201164246 106400
1774005751490 0.7998068332672119 107200
1774005839606 0.7977677583694458 108000
1774005932552 0.7961462736129761 108800
1774006022379 0.7944051623344421 109600
1774006112246 0.7934278249740601 110400
1774006200498 0.7916457056999207 111200
1774006288812 0.7896640300750732 112000
1774006377173 0.7878867983818054 112800
1774006468061 0.786115288734436 113600
1774006558173 0.7844537496566772 114400
1774006648041 0.7826743721961975 115200
1774006736450 0.78084796667099 116000
1774006826429 0.7792157530784607 116800
1774006916598 0.777136504650116 117600
1774007005183 0.7750434875488281 118400
1774007093759 0.7736960053443909 119200
1774007183262 0.7716505527496338 120000
1774007274459 0.7692334055900574 120800
1774007365105 0.7674551010131836 121600
1774007460243 0.7661307454109192 122400
1774007561246 0.7647531628608704 123200
1774007659300 0.7629875540733337 124000
1774007755589 0.761298418045044 124800
1774007853340 0.7595679759979248 125600
1774007951269 0.7572364807128906 126400
1774008047795 0.7550939321517944 127200
1774008143781 0.7536467909812927 128000
1774008242454 0.7521443367004395 128800
1774008340644 0.7507653832435608 129600
1774008437134 0.7488111853599548 130400
1774008535329 0.7471941709518433 131200
1774008638548 0.7451120615005493 132000
1774008735090 0.7431759238243103 132800
1774008834661 0.7409447431564331 133600
1774008933145 0.73899245262146 134400
1774009030591 0.7377986907958984 135200
1774009127567 0.7358917593955994 136000
1774009225172 0.734368622303009 136800
1774009322286 0.7324342727661133 137600
1774009420940 0.7305976152420044 138400
1774009518273 0.7289834022521973 139200
1774009615475 0.727037250995636 140000
1774009715390 0.7256126403808594 140800
1774009815410 0.724037230014801 141600
1774009913294 0.7221381068229675 142400
1774010010715 0.7208674550056458 143200
1774010109989 0.7194274663925171 144000
1774010212541 0.7182639241218567 144800
1774010309901 0.7167496681213379 145600
1774010407260 0.7151093482971191 146400
1774010509369 0.7129570841789246 147200
1774010611300 0.7111889719963074 148000
1774010713311 0.7095049023628235 148800
1774010818976 0.707606315612793 149600
1774010925866 0.7057687044143677 150400
