1773993602796 -0.00351477088406682 800
1773993699234 -0.003411500947549939 1600
1773993793960 -0.003200745675712824 2400
1773993891158 -0.0030698091723024845 3200
1773993983586 -0.0026670743245631456 4000
1773994077429 -0.0025960856582969427 4800
1773994174442 -0.002312230411916971 5600
1773994268346 -0.002072935923933983 6400
1773994362285 -0.0020184186287224293 7200
1773994454604 -0.001843613339588046 8000
1773994542871 -0.0016229648608714342 8800
1773994630737 -0.0014696246944367886 9600
1773994717257 -0.0014617665437981486 10400
1773994803949 -0.001440163585357368 11200
1773994891765 -0.0012437847908586264 12000
1773994978456 -0.0013847780646756291 12800
1773995064361 -0.0012683786917477846 13600
1773995154597 -0.0012626522220671177 14400
1773995244759 -0.0012807445600628853 15200
1773995331409 -0.0011384367244318128 16000
1773995418136 -0.0012711859308183193 16800
1773995503468 -0.001348587917163968 17600
1773995590489 -0.001140380511060357 18400
1773995676145 -0.0006636269390583038 19200
1773995761554 -0.00038589988253079355 20000
1773995847002 2.2264643121161498e-05 20800
1773995934380 0.0003442003217060119 21600
1773996021549 0.0008977357065305114 22400
1773996111954 0.0011172957019880414 23200
1773996197497 0.0011713231215253472 24000
1773996283296 0.0014948524767532945 24800
1773996370904 0.0018425305606797338 25600
1773996458083 0.0020503730047494173 26400
1773996545665 0.0024863036815077066 27200
1773996633155 0.00296280556358397 28000
1773996721424 0.0027987733483314514 28800
1773996806996 0.0030417153611779213 29600
1773996894620 0.0030718583147972822 30400
1773996982993 0.0032565526198595762 31200
1773997070479 0.003355850465595722 32000
1773997156404 0.003328500082716346 32800
1773997243879 0.003545662621036172 33600
1773997331672 0.0036060858983546495 34400
1773997420299 0.004091442562639713 35200
1773997507945 0.0045768944546580315 36000
1773997595723 0.004834834020584822 36800
1773997682156 0.0051484196446835995 37600
1773997773245 0.005718471482396126 38400
1773997863835 0.0057302420027554035 39200
1773997951626 0.005939681548625231 40000
1773998039429 0.005949804093688726 40800
1773998130822 0.006007509306073189 41600
1773998217083 0.006586483214050531 42400
1773998305010 0.006094840355217457 43200
1773998393731 0.006435716990381479 44000
1773998480061 0.00654236925765872 44800
1773998568133 0.006677101831883192 45600
1773998657036 0.0074197156354784966 46400
1773998744816 0.007405037060379982 47200
1773998840613 0.007310866843909025 48000
1773998939313 0.007077467627823353 48800
1773999040628 0.007554702460765839 49600
1773999134538 0.007403640076518059 50400
1773999228134 0.00782393105328083 51200
1773999323419 0.007643917575478554 52000
1773999418757 0.007904842495918274 52800
1773999514153 0.008346532471477985 53600
1773999608072 0.008397378958761692 54400
1773999703556 0.008754814974963665 55200
1773999799379 0.008686886169016361 56000
1773999894862 0.008930330164730549 56800
1773999991597 0.009117241017520428 57600
1774000087595 0.009209060110151768 58400
1774000181551 0.009256636723876 59200
1774000275834 0.009356125257909298 60000
1774000371812 0.009279749356210232 60800
1774000471056 0.009381301701068878 61600
1774000567107 0.009845305234193802 62400
1774000661287 0.010514680296182632 63200
1774000760398 0.01029926910996437 64000
1774000856618 0.009867414832115173 64800
1774000953638 0.009914346970617771 65600
1774001047876 0.00981817301362753 66400
1774001147241 0.00963015016168356 67200
1774001241937 0.00975921843200922 68000
1774001337927 0.009981276467442513 68800
1774001434847 0.010094676166772842 69600
1774001531222 0.010439871810376644 70400
1774001627366 0.010631238110363483 71200
1774001721873 0.010766678489744663 72000
1774001818044 0.011430362239480019 72800
1774001914303 0.011689316481351852 73600
1774002009156 0.012040728703141212 74400
1774002108919 0.01170499250292778 75200
1774002205437 0.011808143928647041 76000
1774002302988 0.011995629407465458 76800
1774002397689 0.0118195079267025 77600
1774002495276 0.011997501365840435 78400
1774002591705 0.011923039332032204 79200
1774002689280 0.012037926353514194 80000
1774002789191 0.012287000194191933 80800
1774002883956 0.01215357705950737 81600
1774002978282 0.01232480350881815 82400
1774003067190 0.012624653056263924 83200
1774003154475 0.013015391305088997 84000
1774003243605 0.013147018849849701 84800
1774003335839 0.013403779827058315 85600
1774003423414 0.013568775728344917 86400
1774003512436 0.01360928826034069 87200
1774003599921 0.01362171582877636 88000
1774003690233 0.013222809880971909 88800
1774003779697 0.01374154631048441 89600
1774003872410 0.013617550022900105 90400
1774003961783 0.013954340480268002 91200
1774004051143 0.013957091607153416 92000
1774004140403 0.01454260665923357 92800
1774004229903 0.014485801570117474 93600
1774004319498 0.014493686147034168 94400
1774004408576 0.014697240665555 95200
1774004497862 0.015184820629656315 96000
1774004588116 0.015536794438958168 96800
1774004678271 0.015654979273676872 97600
1774004768933 0.015875013545155525 98400
1774004858451 0.015895316377282143 99200
1774004948793 0.015815583989024162 100000
1774005038539 0.0162151250988245 100800
1774005128351 0.016779165714979172 101600
1774005216229 0.016748813912272453 102400
1774005306248 0.016984743997454643 103200
1774005394318 0.01747056096792221 104000
1774005483879 0.017775654792785645 104800
1774005573872 0.017668863758444786 105600
1774005662054 0.017969124019145966 106400
1774005751490 0.01817145012319088 107200
1774005839606 0.01840140111744404 108000
1774005932552 0.018364746123552322 108800
1774006022379 0.018547166138887405 109600
1774006112246 0.018656345084309578 110400
1774006200498 0.018626082688570023 111200
1774006288812 0.018694737926125526 112000
1774006377173 0.018756156787276268 112800
1774006468061 0.018971184268593788 113600
1774006558173 0.019440406933426857 114400
1774006648041 0.019401028752326965 115200
1774006736450 0.01929703913629055 116000
1774006826429 0.019496634602546692 116800
1774006916598 0.019650360569357872 117600
1774007005183 0.01978760026395321 118400
1774007093759 0.020302291959524155 119200
1774007183262 0.020689280703663826 120000
1774007274459 0.020166683942079544 120800
1774007365105 0.02076105587184429 121600
1774007460243 0.0215461328625679 122400
1774007561246 0.02188182808458805 123200
1774007659300 0.02206263318657875 124000
1774007755589 0.021513327956199646 124800
1774007853340 0.021814029663801193 125600
1774007951269 0.022295255213975906 126400
1774008047795 0.02270950749516487 127200
1774008143781 0.023315435275435448 128000
1774008242454 0.023278431966900826 128800
1774008340644 0.02316407486796379 129600
1774008437134 0.02337944135069847 130400
1774008535329 0.023153292015194893 131200
1774008638548 0.02357427030801773 132000
1774008735090 0.023652050644159317 132800
1774008834661 0.024114690721035004 133600
1774008933145 0.02404589019715786 134400
1774009030591 0.024789651855826378 135200
1774009127567 0.02524525672197342 136000
1774009225172 0.025191551074385643 136800
1774009322286 0.025480661541223526 137600
1774009420940 0.025844404473900795 138400
1774009518273 0.025984827429056168 139200
1774009615475 0.025950446724891663 140000
1774009715390 0.026599330827593803 140800
1774009815410 0.026513349264860153 141600
1774009913294 0.026848090812563896 142400
1774010010715 0.027112256735563278 143200
1774010109989 0.02744521014392376 144000
1774010212541 0.027512196451425552 144800
1774010309901 0.027487006038427353 145600
1774010407260 0.027833350002765656 146400
1774010509369 0.02772214636206627 147200
1774010611300 0.02852194756269455 148000
1774010713311 0.028507431969046593 148800
1774010818976 0.028489241376519203 149600
1774010925866 0.029395870864391327 150400
