1773993602796 -0.013794662430882454 800
1773993699234 0.2442243993282318 1600
1773993793960 0.36566364765167236 2400
1773993891158 0.554452657699585 3200
1773993983586 0.5268356204032898 4000
1773994077429 0.6932445168495178 4800
1773994174442 0.7048177719116211 5600
1773994268346 0.7390515804290771 6400
1773994362285 0.9692932367324829 7200
1773994454604 0.8972323536872864 8000
1773994542871 0.875596821308136 8800
1773994630737 1.011573314666748 9600
1773994717257 0.979804515838623 10400
1773994803949 1.0062648057937622 11200
1773994891765 0.9850622415542603 12000
1773994978456 1.0136686563491821 12800
1773995064361 0.9276835918426514 13600
1773995154597 0.9113473892211914 14400
1773995244759 0.9058547019958496 15200
1773995331409 0.9509198665618896 16000
1773995418136 1.0537903308868408 16800
1773995503468 1.0815608501434326 17600
1773995590489 1.0480951070785522 18400
1773995676145 1.028255820274353 19200
1773995761554 1.0347729921340942 20000
1773995847002 0.8869137763977051 20800
1773995934380 1.003037929534912 21600
1773996021549 0.9664875268936157 22400
1773996111954 0.9692163467407227 23200
1773996197497 0.9820142984390259 24000
1773996283296 0.8820739388465881 24800
1773996370904 0.9614414572715759 25600
1773996458083 0.9732430577278137 26400
1773996545665 0.9485435485839844 27200
1773996633155 0.8699352741241455 28000
1773996721424 0.9082575440406799 28800
1773996806996 0.9822999835014343 29600
1773996894620 0.981711208820343 30400
1773996982993 0.9615858793258667 31200
1773997070479 1.0271835327148438 32000
1773997156404 1.0911020040512085 32800
1773997243879 1.0093132257461548 33600
1773997331672 0.879828155040741 34400
1773997420299 1.0222301483154297 35200
1773997507945 0.8850998878479004 36000
1773997595723 1.0059499740600586 36800
1773997682156 0.8767135143280029 37600
1773997773245 0.765513002872467 38400
1773997863835 0.7600893974304199 39200
1773997951626 0.839613676071167 40000
1773998039429 0.8447389006614685 40800
1773998130822 0.8152686953544617 41600
1773998217083 0.8918519020080566 42400
1773998305010 0.8204587697982788 43200
1773998393731 0.873026967048645 44000
1773998480061 0.7332814931869507 44800
1773998568133 0.768889844417572 45600
1773998657036 0.8151075839996338 46400
1773998744816 0.7400171756744385 47200
1773998840613 0.8614444136619568 48000
1773998939313 0.8058961629867554 48800
1773999040628 0.7480685710906982 49600
1773999134538 0.7556939125061035 50400
1773999228134 0.7437986135482788 51200
1773999323419 0.7889984250068665 52000
1773999418757 0.8049509525299072 52800
1773999514153 0.558779239654541 53600
1773999608072 0.7075684666633606 54400
1773999703556 0.6461151838302612 55200
1773999799379 0.8100582361221313 56000
1773999894862 0.7231922149658203 56800
1773999991597 0.6582112312316895 57600
1774000087595 0.6217569708824158 58400
1774000181551 0.8026425838470459 59200
1774000275834 0.6169219613075256 60000
1774000371812 0.6208147406578064 60800
1774000471056 0.6121332049369812 61600
1774000567107 0.6044211387634277 62400
1774000661287 0.5548373460769653 63200
1774000760398 0.6630868315696716 64000
1774000856618 0.6066309809684753 64800
1774000953638 0.5188162326812744 65600
1774001047876 0.5290848016738892 66400
1774001147241 0.6863852143287659 67200
1774001241937 0.6345503330230713 68000
1774001337927 0.6172981262207031 68800
1774001434847 0.6067400574684143 69600
1774001531222 0.5696883797645569 70400
1774001627366 0.6084328293800354 71200
1774001721873 0.5072205662727356 72000
1774001818044 0.5297321677207947 72800
1774001914303 0.3598303496837616 73600
1774002009156 0.50083988904953 74400
1774002108919 0.5182965397834778 75200
1774002205437 0.46565645933151245 76000
1774002302988 0.467377632856369 76800
1774002397689 0.506456732749939 77600
1774002495276 0.43253839015960693 78400
1774002591705 0.6012818217277527 79200
1774002689280 0.4612749516963959 80000
1774002789191 0.47301962971687317 80800
1774002883956 0.5590776205062866 81600
1774002978282 0.4684060215950012 82400
1774003067190 0.3695802390575409 83200
1774003154475 0.4101622402667999 84000
1774003243605 0.4038711190223694 84800
1774003335839 0.48079192638397217 85600
1774003423414 0.4301185607910156 86400
1774003512436 0.3528793454170227 87200
1774003599921 0.4574899971485138 88000
1774003690233 0.45151999592781067 88800
1774003779697 0.34728631377220154 89600
1774003872410 0.4125128984451294 90400
1774003961783 0.3774958550930023 91200
1774004051143 0.40511852502822876 92000
1774004140403 0.4635540843009949 92800
1774004229903 0.5267037749290466 93600
1774004319498 0.361433207988739 94400
1774004408576 0.39620134234428406 95200
1774004497862 0.5030959844589233 96000
1774004588116 0.34272024035453796 96800
1774004678271 0.32703709602355957 97600
1774004768933 0.24218319356441498 98400
1774004858451 0.4188738167285919 99200
1774004948793 0.39516371488571167 100000
1774005038539 0.21571537852287292 100800
1774005128351 0.38884562253952026 101600
1774005216229 0.34534338116645813 102400
1774005306248 0.2760545611381531 103200
1774005394318 0.2866564691066742 104000
1774005483879 0.2967814803123474 104800
1774005573872 0.3146994709968567 105600
1774005662054 0.3844357430934906 106400
1774005751490 0.26871439814567566 107200
1774005839606 0.1808711737394333 108000
1774005932552 0.38965147733688354 108800
1774006022379 0.31739330291748047 109600
1774006112246 0.1877669095993042 110400
1774006200498 0.2178666889667511 111200
1774006288812 0.35785600543022156 112000
1774006377173 0.14142364263534546 112800
1774006468061 0.1223326101899147 113600
1774006558173 0.18261079490184784 114400
1774006648041 0.32971739768981934 115200
1774006736450 0.3686109185218811 116000
1774006826429 0.4340289533138275 116800
1774006916598 0.13514947891235352 117600
1774007005183 0.34021666646003723 118400
1774007093759 0.2584999203681946 119200
1774007183262 0.274027556180954 120000
1774007274459 0.44145384430885315 120800
1774007365105 0.43652233481407166 121600
1774007460243 0.28762513399124146 122400
1774007561246 0.14550326764583588 123200
1774007659300 0.11114250868558884 124000
1774007755589 0.1235518753528595 124800
1774007853340 0.22504544258117676 125600
1774007951269 0.2880396842956543 126400
1774008047795 0.26700150966644287 127200
1774008143781 0.134446918964386 128000
1774008242454 0.15628299117088318 128800
1774008340644 0.15044094622135162 129600
1774008437134 0.31555214524269104 130400
1774008535329 0.31964001059532166 131200
1774008638548 0.19991165399551392 132000
1774008735090 0.3291851282119751 132800
1774008834661 0.20936809480190277 133600
1774008933145 0.23134490847587585 134400
1774009030591 0.07063338905572891 135200
1774009127567 0.13092099130153656 136000
1774009225172 0.08525479584932327 136800
1774009322286 0.1542837917804718 137600
1774009420940 0.039505843073129654 138400
1774009518273 0.02256549522280693 139200
1774009615475 0.21006841957569122 140000
1774009715390 0.17702502012252808 140800
1774009815410 0.20861564576625824 141600
1774009913294 0.019700367003679276 142400
1774010010715 0.06430858373641968 143200
1774010109989 0.05945461615920067 144000
1774010212541 -0.011948774568736553 144800
1774010309901 -0.011844657361507416 145600
1774010407260 0.02985364943742752 146400
1774010509369 0.2266210913658142 147200
1774010611300 0.01852886937558651 148000
1774010713311 -0.013367632403969765 148800
1774010818976 0.016679735854268074 149600
1774010925866 0.0007330327061936259 150400
