1773993602796 0.9971767067909241 800
1773993699234 0.9970226883888245 1600
1773993793960 0.9969033598899841 2400
1773993891158 0.9965522289276123 3200
1773993983586 0.9967438578605652 4000
1773994077429 0.9964364767074585 4800
1773994174442 0.9958875775337219 5600
1773994268346 0.9952061176300049 6400
1773994362285 0.9949175119400024 7200
1773994454604 0.994296669960022 8000
1773994542871 0.993484377861023 8800
1773994630737 0.992803156375885 9600
1773994717257 0.9922617077827454 10400
1773994803949 0.9914156794548035 11200
1773994891765 0.990703821182251 12000
1773994978456 0.9901539087295532 12800
1773995064361 0.9895622730255127 13600
1773995154597 0.9892623424530029 14400
1773995244759 0.9887803792953491 15200
1773995331409 0.988156795501709 16000
1773995418136 0.9878702163696289 16800
1773995503468 0.9872992634773254 17600
1773995590489 0.9868090152740479 18400
1773995676145 0.986504077911377 19200
1773995761554 0.9860854744911194 20000
1773995847002 0.9858779311180115 20800
1773995934380 0.9851453900337219 21600
1773996021549 0.9847259521484375 22400
1773996111954 0.9847697615623474 23200
1773996197497 0.9842327833175659 24000
1773996283296 0.9846543669700623 24800
1773996370904 0.9842686057090759 25600
1773996458083 0.9836982488632202 26400
1773996545665 0.9837529063224792 27200
1773996633155 0.9832075834274292 28000
1773996721424 0.9831212162971497 28800
1773996806996 0.9828389883041382 29600
1773996894620 0.9827120304107666 30400
1773996982993 0.9824596047401428 31200
1773997070479 0.9821959733963013 32000
1773997156404 0.9815916419029236 32800
1773997243879 0.9816477298736572 33600
1773997331672 0.9815167784690857 34400
1773997420299 0.981774628162384 35200
1773997507945 0.9817415475845337 36000
1773997595723 0.9815163612365723 36800
1773997682156 0.9811403751373291 37600
1773997773245 0.9811542630195618 38400
1773997863835 0.9805378913879395 39200
1773997951626 0.980384111404419 40000
1773998039429 0.980242908000946 40800
1773998130822 0.979949414730072 41600
1773998217083 0.9798925518989563 42400
1773998305010 0.9792510271072388 43200
1773998393731 0.9792419075965881 44000
1773998480061 0.9786148071289062 44800
1773998568133 0.9780448079109192 45600
1773998657036 0.9773857593536377 46400
1773998744816 0.9768068790435791 47200
1773998840613 0.9765686988830566 48000
1773998939313 0.9764807224273682 48800
1773999040628 0.9761421084403992 49600
1773999134538 0.9760947823524475 50400
1773999228134 0.9759165644645691 51200
1773999323419 0.9758504033088684 52000
1773999418757 0.9757020473480225 52800
1773999514153 0.9754713773727417 53600
1773999608072 0.9751293659210205 54400
1773999703556 0.9754447340965271 55200
1773999799379 0.9753516316413879 56000
1773999894862 0.9751237630844116 56800
1773999991597 0.9745848774909973 57600
1774000087595 0.9741529226303101 58400
1774000181551 0.9740123748779297 59200
1774000275834 0.973481297492981 60000
1774000371812 0.9734296798706055 60800
1774000471056 0.9724886417388916 61600
1774000567107 0.9723271131515503 62400
1774000661287 0.9722150564193726 63200
1774000760398 0.9720306992530823 64000
1774000856618 0.9716011881828308 64800
1774000953638 0.971434473991394 65600
1774001047876 0.9707618355751038 66400
1774001147241 0.9707279801368713 67200
1774001241937 0.9703576564788818 68000
1774001337927 0.9702536463737488 68800
1774001434847 0.9697278738021851 69600
1774001531222 0.969221830368042 70400
1774001627366 0.9690752625465393 71200
1774001721873 0.9692617058753967 72000
1774001818044 0.9689632058143616 72800
1774001914303 0.9689796566963196 73600
1774002009156 0.9687375426292419 74400
1774002108919 0.9685229659080505 75200
1774002205437 0.9688319563865662 76000
1774002302988 0.9685363173484802 76800
1774002397689 0.9678782224655151 77600
1774002495276 0.9677091836929321 78400
1774002591705 0.9680311679840088 79200
1774002689280 0.9681804776191711 80000
1774002789191 0.9678643345832825 80800
1774002883956 0.9678204655647278 81600
1774002978282 0.9677422046661377 82400
1774003067190 0.9679394364356995 83200
1774003154475 0.9675502777099609 84000
1774003243605 0.9671772122383118 84800
1774003335839 0.9669066667556763 85600
1774003423414 0.9665648937225342 86400
1774003512436 0.9664583206176758 87200
1774003599921 0.965839684009552 88000
1774003690233 0.9658489227294922 88800
1774003779697 0.9659179449081421 89600
1774003872410 0.965962290763855 90400
1774003961783 0.9659807085990906 91200
1774004051143 0.9657532572746277 92000
1774004140403 0.9656948447227478 92800
1774004229903 0.9652526378631592 93600
1774004319498 0.9651817679405212 94400
1774004408576 0.9653850197792053 95200
1774004497862 0.9652783274650574 96000
1774004588116 0.9648368954658508 96800
1774004678271 0.9641416668891907 97600
1774004768933 0.9641901850700378 98400
1774004858451 0.9636003971099854 99200
1774004948793 0.9635879993438721 100000
1774005038539 0.9633416533470154 100800
1774005128351 0.9630283713340759 101600
1774005216229 0.9631653428077698 102400
1774005306248 0.9629921317100525 103200
1774005394318 0.9628269672393799 104000
1774005483879 0.9629011154174805 104800
1774005573872 0.9631782174110413 105600
1774005662054 0.9626212120056152 106400
1774005751490 0.9625442624092102 107200
1774005839606 0.9621148705482483 108000
1774005932552 0.9620864987373352 108800
1774006022379 0.9616847038269043 109600
1774006112246 0.9613245725631714 110400
1774006200498 0.9611257910728455 111200
1774006288812 0.9612085223197937 112000
1774006377173 0.9608836770057678 112800
1774006468061 0.9608888626098633 113600
1774006558173 0.9601113200187683 114400
1774006648041 0.959612250328064 115200
1774006736450 0.959477424621582 116000
1774006826429 0.959325909614563 116800
1774006916598 0.9593648910522461 117600
1774007005183 0.958969235420227 118400
1774007093759 0.9591624736785889 119200
1774007183262 0.9589241147041321 120000
1774007274459 0.9589133858680725 120800
1774007365105 0.9586818218231201 121600
1774007460243 0.9586045742034912 122400
1774007561246 0.9583985209465027 123200
1774007659300 0.9585205912590027 124000
1774007755589 0.9581912755966187 124800
1774007853340 0.957905650138855 125600
1774007951269 0.957838237285614 126400
1774008047795 0.9575942754745483 127200
1774008143781 0.957704484462738 128000
1774008242454 0.9572310447692871 128800
1774008340644 0.9571003317832947 129600
1774008437134 0.9570299983024597 130400
1774008535329 0.9570561051368713 131200
1774008638548 0.9565669298171997 132000
1774008735090 0.9563047289848328 132800
1774008834661 0.9558563232421875 133600
1774008933145 0.9556699395179749 134400
1774009030591 0.9555985331535339 135200
1774009127567 0.9555031657218933 136000
1774009225172 0.9552971124649048 136800
1774009322286 0.9550328850746155 137600
1774009420940 0.9546927213668823 138400
1774009518273 0.9543982148170471 139200
1774009615475 0.9543337821960449 140000
1774009715390 0.9541937708854675 140800
1774009815410 0.9541049599647522 141600
1774009913294 0.9536808729171753 142400
1774010010715 0.9535013437271118 143200
1774010109989 0.9533090591430664 144000
1774010212541 0.953636109828949 144800
1774010309901 0.9537249207496643 145600
1774010407260 0.9535079002380371 146400
1774010509369 0.9536144733428955 147200
1774010611300 0.9533348679542542 148000
1774010713311 0.9533331394195557 148800
1774010818976 0.9528424143791199 149600
1774010925866 0.9523360133171082 150400
