1773993602796 20.32211685180664 800
1773993699234 20.181669235229492 1600
1773993793960 20.101234436035156 2400
1773993891158 20.091562271118164 3200
1773993983586 20.076404571533203 4000
1773994077429 20.194473266601562 4800
1773994174442 20.230785369873047 5600
1773994268346 20.30420684814453 6400
1773994362285 20.46314239501953 7200
1773994454604 20.45220947265625 8000
1773994542871 20.41938591003418 8800
1773994630737 20.572847366333008 9600
1773994717257 20.57628059387207 10400
1773994803949 20.658008575439453 11200
1773994891765 20.70088005065918 12000
1773994978456 20.755104064941406 12800
1773995064361 20.713069915771484 13600
1773995154597 20.72589111328125 14400
1773995244759 20.719091415405273 15200
1773995331409 20.748432159423828 16000
1773995418136 20.929668426513672 16800
1773995503468 20.98389434814453 17600
1773995590489 20.989273071289062 18400
1773995676145 20.988590240478516 19200
1773995761554 20.992570877075195 20000
1773995847002 20.865989685058594 20800
1773995934380 20.93699073791504 21600
1773996021549 20.88676643371582 22400
1773996111954 20.896888732910156 23200
1773996197497 20.951812744140625 24000
1773996283296 20.85558319091797 24800
1773996370904 20.932626724243164 25600
1773996458083 20.929269790649414 26400
1773996545665 20.877361297607422 27200
1773996633155 20.807302474975586 28000
1773996721424 20.89688491821289 28800
1773996806996 20.996463775634766 29600
1773996894620 21.01657485961914 30400
1773996982993 20.98880386352539 31200
1773997070479 21.086374282836914 32000
1773997156404 21.18385887145996 32800
1773997243879 21.117340087890625 33600
1773997331672 21.009000778198242 34400
1773997420299 21.091768264770508 35200
1773997507945 20.965726852416992 36000
1773997595723 21.04345703125 36800
1773997682156 20.95651626586914 37600
1773997773245 20.79701042175293 38400
1773997863835 20.84266471862793 39200
1773997951626 20.892671585083008 40000
1773998039429 20.943220138549805 40800
1773998130822 20.904830932617188 41600
1773998217083 20.93283462524414 42400
1773998305010 20.9156551361084 43200
1773998393731 20.957731246948242 44000
1773998480061 20.852495193481445 44800
1773998568133 20.876054763793945 45600
1773998657036 20.904888153076172 46400
1773998744816 20.844938278198242 47200
1773998840613 20.975008010864258 48000
1773998939313 20.975862503051758 48800
1773999040628 20.880373001098633 49600
1773999134538 20.911651611328125 50400
1773999228134 20.88776397705078 51200
1773999323419 20.926780700683594 52000
1773999418757 20.938968658447266 52800
1773999514153 20.802045822143555 53600
1773999608072 20.89234161376953 54400
1773999703556 20.824068069458008 55200
1773999799379 20.927043914794922 56000
1773999894862 20.881074905395508 56800
1773999991597 20.886629104614258 57600
1774000087595 20.890708923339844 58400
1774000181551 20.97301483154297 59200
1774000275834 20.83377456665039 60000
1774000371812 20.849651336669922 60800
1774000471056 20.854534149169922 61600
1774000567107 20.786413192749023 62400
1774000661287 20.757741928100586 63200
1774000760398 20.835208892822266 64000
1774000856618 20.859670639038086 64800
1774000953638 20.81819725036621 65600
1774001047876 20.828161239624023 66400
1774001147241 20.95771026611328 67200
1774001241937 21.002866744995117 68000
1774001337927 20.974815368652344 68800
1774001434847 20.969717025756836 69600
1774001531222 20.933815002441406 70400
1774001627366 20.947795867919922 71200
1774001721873 20.90413475036621 72000
1774001818044 20.830886840820312 72800
1774001914303 20.78270149230957 73600
1774002009156 20.761999130249023 74400
1774002108919 20.819429397583008 75200
1774002205437 20.80820655822754 76000
1774002302988 20.766874313354492 76800
1774002397689 20.805774688720703 77600
1774002495276 20.801349639892578 78400
1774002591705 20.882465362548828 79200
1774002689280 20.880033493041992 80000
1774002789191 20.864635467529297 80800
1774002883956 20.925479888916016 81600
1774002978282 20.89882469177246 82400
1774003067190 20.865123748779297 83200
1774003154475 20.813886642456055 84000
1774003243605 20.811735153198242 84800
1774003335839 20.85050392150879 85600
1774003423414 20.83396339416504 86400
1774003512436 20.88237762451172 87200
1774003599921 20.88089942932129 88000
1774003690233 20.98504638671875 88800
1774003779697 20.92819595336914 89600
1774003872410 20.99571418762207 90400
1774003961783 20.958566665649414 91200
1774004051143 20.984146118164062 92000
1774004140403 20.94911003112793 92800
1774004229903 20.992191314697266 93600
1774004319498 20.959577560424805 94400
1774004408576 20.98163414001465 95200
1774004497862 20.9754638671875 96000
1774004588116 20.926937103271484 96800
1774004678271 20.907346725463867 97600
1774004768933 20.916086196899414 98400
1774004858451 20.958126068115234 99200
1774004948793 20.988306045532227 100000
1774005038539 20.932485580444336 100800
1774005128351 20.95330047607422 101600
1774005216229 20.952192306518555 102400
1774005306248 20.898725509643555 103200
1774005394318 20.870874404907227 104000
1774005483879 20.858108520507812 104800
1774005573872 20.91200065612793 105600
1774005662054 20.93570899963379 106400
1774005751490 20.869224548339844 107200
1774005839606 20.87233543395996 108000
1774005932552 20.935428619384766 108800
1774006022379 20.917926788330078 109600
1774006112246 20.882802963256836 110400
1774006200498 20.914522171020508 111200
1774006288812 20.96742057800293 112000
1774006377173 20.95759391784668 112800
1774006468061 20.95939826965332 113600
1774006558173 20.930784225463867 114400
1774006648041 20.95921516418457 115200
1774006736450 20.993865966796875 116000
1774006826429 21.008092880249023 116800
1774006916598 20.968284606933594 117600
1774007005183 20.994447708129883 118400
1774007093759 20.91446304321289 119200
1774007183262 20.938907623291016 120000
1774007274459 21.091798782348633 120800
1774007365105 21.059337615966797 121600
1774007460243 20.976064682006836 122400
1774007561246 20.919843673706055 123200
1774007659300 20.915861129760742 124000
1774007755589 20.9455623626709 124800
1774007853340 20.957443237304688 125600
1774007951269 20.99394416809082 126400
1774008047795 20.97998809814453 127200
1774008143781 20.941709518432617 128000
1774008242454 20.95775032043457 128800
1774008340644 20.95113754272461 129600
1774008437134 20.986343383789062 130400
1774008535329 20.98705291748047 131200
1774008638548 20.99187469482422 132000
1774008735090 21.04741096496582 132800
1774008834661 21.02438735961914 133600
1774008933145 21.092954635620117 134400
1774009030591 20.99832534790039 135200
1774009127567 21.010536193847656 136000
1774009225172 21.02569007873535 136800
1774009322286 21.036529541015625 137600
1774009420940 21.016483306884766 138400
1774009518273 21.00882339477539 139200
1774009615475 21.049123764038086 140000
1774009715390 20.988487243652344 140800
1774009815410 21.016429901123047 141600
1774009913294 21.018205642700195 142400
1774010010715 21.015182495117188 143200
1774010109989 21.043594360351562 144000
1774010212541 21.04678726196289 144800
1774010309901 21.039770126342773 145600
1774010407260 20.999425888061523 146400
1774010509369 21.074872970581055 147200
1774010611300 21.026796340942383 148000
1774010713311 21.055770874023438 148800
1774010818976 21.0848331451416 149600
1774010925866 21.02139663696289 150400
