1773993602796 -0.004268657881766558 800
1773993699234 -0.004100549966096878 1600
1773993793960 -0.003656089073047042 2400
1773993891158 -0.003381413873285055 3200
1773993983586 -0.0027853811625391245 4000
1773994077429 -0.002626185305416584 4800
1773994174442 -0.002311443444341421 5600
1773994268346 -0.0020937384106218815 6400
1773994362285 -0.0019467170350253582 7200
1773994454604 -0.001743052271194756 8000
1773994542871 -0.0015599497128278017 8800
1773994630737 -0.001311738626100123 9600
1773994717257 -0.0011607446940615773 10400
1773994803949 -0.0011729280231520534 11200
1773994891765 -0.0010312264785170555 12000
1773994978456 -0.0011316887103021145 12800
1773995064361 -0.000963094993494451 13600
1773995154597 -0.0009069714578799903 14400
1773995244759 -0.0008670720853842795 15200
1773995331409 -0.0008545482414774597 16000
1773995418136 -0.0007838765741325915 16800
1773995503468 -0.00078638328704983 17600
1773995590489 -0.000513746403157711 18400
1773995676145 -0.0005011337343603373 19200
1773995761554 -0.0005904723657295108 20000
1773995847002 -0.0003920321469195187 20800
1773995934380 -0.0005154263344593346 21600
1773996021549 -0.00043882630416192114 22400
1773996111954 -0.00043861157610081136 23200
1773996197497 -0.000293901888653636 24000
1773996283296 -0.0001041750074364245 24800
1773996370904 -0.0001966401468962431 25600
1773996458083 -0.00017975966329686344 26400
1773996545665 -0.00018745426496025175 27200
1773996633155 -5.9609872550936416e-05 28000
1773996721424 2.718567156989593e-05 28800
1773996806996 9.355998190585524e-05 29600
1773996894620 0.00017644031322561204 30400
1773996982993 0.0001378701999783516 31200
1773997070479 0.00025982889928855 32000
1773997156404 0.0003398187109269202 32800
1773997243879 0.0005546842003241181 33600
1773997331672 0.0007210029871203005 34400
1773997420299 0.0006234836182557046 35200
1773997507945 0.0007371397805400193 36000
1773997595723 0.0006793361972086132 36800
1773997682156 0.0008073585340753198 37600
1773997773245 0.0009324247948825359 38400
1773997863835 0.0009110969840548933 39200
1773997951626 0.0009113820269703865 40000
1773998039429 0.0009904116159304976 40800
1773998130822 0.0010912783909589052 41600
1773998217083 0.0010873840656131506 42400
1773998305010 0.001293955952860415 43200
1773998393731 0.0012325907591730356 44000
1773998480061 0.001584999612532556 44800
1773998568133 0.0015056550037115812 45600
1773998657036 0.0013569570146501064 46400
1773998744816 0.0016000720206648111 47200
1773998840613 0.0015159058384597301 48000
1773998939313 0.0017503886483609676 48800
1773999040628 0.0018879463896155357 49600
1773999134538 0.001964612165465951 50400
1773999228134 0.0019910570699721575 51200
1773999323419 0.0018750687595456839 52000
1773999418757 0.001961885252967477 52800
1773999514153 0.0021524422336369753 53600
1773999608072 0.002059198683127761 54400
1773999703556 0.0021168638486415148 55200
1773999799379 0.002087515313178301 56000
1773999894862 0.002244194969534874 56800
1773999991597 0.0024172256235033274 57600
1774000087595 0.002499790396541357 58400
1774000181551 0.002393036149442196 59200
1774000275834 0.002562652574852109 60000
1774000371812 0.002635803073644638 60800
1774000471056 0.002557283267378807 61600
1774000567107 0.0025298285763710737 62400
1774000661287 0.002791152335703373 63200
1774000760398 0.0027026680763810873 64000
1774000856618 0.0029023659881204367 64800
1774000953638 0.003008441301062703 65600
1774001047876 0.0030936538241803646 66400
1774001147241 0.003102819202467799 67200
1774001241937 0.003414556384086609 68000
1774001337927 0.003569930326193571 68800
1774001434847 0.003581009339541197 69600
1774001531222 0.0035905831027776003 70400
1774001627366 0.0036505116149783134 71200
1774001721873 0.003758855862542987 72000
1774001818044 0.003773896489292383 72800
1774001914303 0.003961061127483845 73600
1774002009156 0.0038301523309201 74400
1774002108919 0.003867383347824216 75200
1774002205437 0.003972158767282963 76000
1774002302988 0.003970172721892595 76800
1774002397689 0.004073410294950008 77600
1774002495276 0.0042596375569701195 78400
1774002591705 0.004245931748300791 79200
1774002689280 0.00447486899793148 80000
1774002789191 0.004529403056949377 80800
1774002883956 0.0044261557050049305 81600
1774002978282 0.004729683510959148 82400
1774003067190 0.004981242585927248 83200
1774003154475 0.004936268087476492 84000
1774003243605 0.005050176754593849 84800
1774003335839 0.005209118127822876 85600
1774003423414 0.005339124705642462 86400
1774003512436 0.00555481156334281 87200
1774003599921 0.005433470010757446 88000
1774003690233 0.005614599213004112 88800
1774003779697 0.005788398906588554 89600
1774003872410 0.005819500423967838 90400
1774003961783 0.00597335072234273 91200
1774004051143 0.005965160671621561 92000
1774004140403 0.0060610477812588215 92800
1774004229903 0.006146852858364582 93600
1774004319498 0.006345224566757679 94400
1774004408576 0.0064619239419698715 95200
1774004497862 0.006376604549586773 96000
1774004588116 0.006620989181101322 96800
1774004678271 0.006625636946409941 97600
1774004768933 0.006887605879455805 98400
1774004858451 0.006721143610775471 99200
1774004948793 0.007025426719337702 100000
1774005038539 0.007380153983831406 100800
1774005128351 0.007175110746175051 101600
1774005216229 0.007276162505149841 102400
1774005306248 0.007372315041720867 103200
1774005394318 0.007505897432565689 104000
1774005483879 0.007661884650588036 104800
1774005573872 0.007628454826772213 105600
1774005662054 0.007652873173356056 106400
1774005751490 0.007965504191815853 107200
1774005839606 0.00820317305624485 108000
1774005932552 0.008059420622885227 108800
1774006022379 0.008272532373666763 109600
1774006112246 0.008349104784429073 110400
1774006200498 0.008501734584569931 111200
1774006288812 0.008414464071393013 112000
1774006377173 0.008703544735908508 112800
1774006468061 0.008882278576493263 113600
1774006558173 0.008839758113026619 114400
1774006648041 0.008801142685115337 115200
1774006736450 0.0090515511110425 116000
1774006826429 0.009074135683476925 116800
1774006916598 0.009519985876977444 117600
1774007005183 0.009465574286878109 118400
1774007093759 0.009469165466725826 119200
1774007183262 0.009585391730070114 120000
1774007274459 0.009707287885248661 120800
1774007365105 0.009863018989562988 121600
1774007460243 0.010047818534076214 122400
1774007561246 0.010203292593359947 123200
1774007659300 0.010325809940695763 124000
1774007755589 0.010425727814435959 124800
1774007853340 0.010504411533474922 125600
1774007951269 0.010740477591753006 126400
1774008047795 0.010881750844419003 127200
1774008143781 0.011059160344302654 128000
1774008242454 0.01112932525575161 128800
1774008340644 0.01128282118588686 129600
1774008437134 0.01135709136724472 130400
1774008535329 0.011368431150913239 131200
1774008638548 0.011647657491266727 132000
1774008735090 0.011564800515770912 132800
1774008834661 0.011926567181944847 133600
1774008933145 0.012149238958954811 134400
1774009030591 0.012446753680706024 135200
1774009127567 0.012504088692367077 136000
1774009225172 0.012688401155173779 136800
1774009322286 0.012721700593829155 137600
1774009420940 0.012949406169354916 138400
1774009518273 0.0130813242867589 139200
1774009615475 0.012982465326786041 140000
1774009715390 0.01317732222378254 140800
1774009815410 0.013311886228621006 141600
1774009913294 0.0136268837377429 142400
1774010010715 0.013634206727147102 143200
1774010109989 0.013782297261059284 144000
1774010212541 0.014047188684344292 144800
1774010309901 0.014085205271840096 145600
1774010407260 0.014021141454577446 146400
1774010509369 0.014000062830746174 147200
1774010611300 0.014313188381493092 148000
1774010713311 0.0145463477820158 148800
1774010818976 0.014689172618091106 149600
1774010925866 0.014857688918709755 150400
