1773993602796 0.6286940574645996 800
1773993699234 0.6648257374763489 1600
1773993793960 0.683632493019104 2400
1773993891158 0.7171770930290222 3200
1773993983586 0.7215080857276917 4000
1773994077429 0.7529458999633789 4800
1773994174442 0.7554672360420227 5600
1773994268346 0.7643523216247559 6400
1773994362285 0.779958188533783 7200
1773994454604 0.7758783102035522 8000
1773994542871 0.7662397623062134 8800
1773994630737 0.7775128483772278 9600
1773994717257 0.7727912664413452 10400
1773994803949 0.7802733182907104 11200
1773994891765 0.7789129614830017 12000
1773994978456 0.7838178277015686 12800
1773995064361 0.7778621912002563 13600
1773995154597 0.7788681387901306 14400
1773995244759 0.7796697020530701 15200
1773995331409 0.7819527387619019 16000
1773995418136 0.7928557395935059 16800
1773995503468 0.7923383712768555 17600
1773995590489 0.7885228991508484 18400
1773995676145 0.7888772487640381 19200
1773995761554 0.7927423715591431 20000
1773995847002 0.7763828635215759 20800
1773995934380 0.7892323136329651 21600
1773996021549 0.7853741645812988 22400
1773996111954 0.7861281037330627 23200
1773996197497 0.7877413034439087 24000
1773996283296 0.7765402793884277 24800
1773996370904 0.7893363237380981 25600
1773996458083 0.7879824638366699 26400
1773996545665 0.782878041267395 27200
1773996633155 0.7768187522888184 28000
1773996721424 0.7815061211585999 28800
1773996806996 0.7881910800933838 29600
1773996894620 0.78566575050354 30400
1773996982993 0.7868707776069641 31200
1773997070479 0.7932850122451782 32000
1773997156404 0.7952895760536194 32800
1773997243879 0.7914451956748962 33600
1773997331672 0.7790515422821045 34400
1773997420299 0.7961950302124023 35200
1773997507945 0.7853006720542908 36000
1773997595723 0.7971543073654175 36800
1773997682156 0.7861416339874268 37600
1773997773245 0.7679237127304077 38400
1773997863835 0.773945689201355 39200
1773997951626 0.7838596105575562 40000
1773998039429 0.7847970724105835 40800
1773998130822 0.7809253931045532 41600
1773998217083 0.7909904718399048 42400
1773998305010 0.7833598256111145 43200
1773998393731 0.7899138927459717 44000
1773998480061 0.7665470242500305 44800
1773998568133 0.7747145295143127 45600
1773998657036 0.7900961637496948 46400
1773998744816 0.7749627828598022 47200
1773998840613 0.7950531244277954 48000
1773998939313 0.7872196435928345 48800
1773999040628 0.7768814563751221 49600
1773999134538 0.7760621309280396 50400
1773999228134 0.7760534286499023 51200
1773999323419 0.7826698422431946 52000
1773999418757 0.7862665057182312 52800
1773999514153 0.7595577239990234 53600
1773999608072 0.779961109161377 54400
1773999703556 0.7758147716522217 55200
1773999799379 0.790059506893158 56000
1773999894862 0.7808526754379272 56800
1773999991597 0.7765641212463379 57600
1774000087595 0.775679349899292 58400
1774000181551 0.7952755689620972 59200
1774000275834 0.7740533351898193 60000
1774000371812 0.771045446395874 60800
1774000471056 0.7789679169654846 61600
1774000567107 0.7764630317687988 62400
1774000661287 0.7697896957397461 63200
1774000760398 0.784831166267395 64000
1774000856618 0.7788550853729248 64800
1774000953638 0.7639663815498352 65600
1774001047876 0.766009509563446 66400
1774001147241 0.7863876819610596 67200
1774001241937 0.7835200428962708 68000
1774001337927 0.7781581282615662 68800
1774001434847 0.7774726152420044 69600
1774001531222 0.7755171060562134 70400
1774001627366 0.7814022302627563 71200
1774001721873 0.7706277966499329 72000
1774001818044 0.7725968360900879 72800
1774001914303 0.757378101348877 73600
1774002009156 0.7718144655227661 74400
1774002108919 0.7769632935523987 75200
1774002205437 0.7663677930831909 76000
1774002302988 0.7683343887329102 76800
1774002397689 0.7743563652038574 77600
1774002495276 0.7673057913780212 78400
1774002591705 0.787631630897522 79200
1774002689280 0.7696736454963684 80000
1774002789191 0.7724714875221252 80800
1774002883956 0.7880712747573853 81600
1774002978282 0.7735759019851685 82400
1774003067190 0.7610926628112793 83200
1774003154475 0.7663226127624512 84000
1774003243605 0.7668393850326538 84800
1774003335839 0.7781990766525269 85600
1774003423414 0.7703273296356201 86400
1774003512436 0.7619072794914246 87200
1774003599921 0.7773669362068176 88000
1774003690233 0.7786561846733093 88800
1774003779697 0.765267550945282 89600
1774003872410 0.7801975011825562 90400
1774003961783 0.7723981142044067 91200
1774004051143 0.779323935508728 92000
1774004140403 0.7833039164543152 92800
1774004229903 0.790512204170227 93600
1774004319498 0.7722423076629639 94400
1774004408576 0.778677761554718 95200
1774004497862 0.7892295718193054 96000
1774004588116 0.7711771726608276 96800
1774004678271 0.7702389359474182 97600
1774004768933 0.75493985414505 98400
1774004858451 0.7873270511627197 99200
1774004948793 0.7822589874267578 100000
1774005038539 0.7542705535888672 100800
1774005128351 0.7853167653083801 101600
1774005216229 0.7748512029647827 102400
1774005306248 0.7627939581871033 103200
1774005394318 0.7639635801315308 104000
1774005483879 0.763999879360199 104800
1774005573872 0.7686139345169067 105600
1774005662054 0.7849696278572083 106400
1774005751490 0.7606183290481567 107200
1774005839606 0.7540066242218018 108000
1774005932552 0.7866865396499634 108800
1774006022379 0.7747714519500732 109600
1774006112246 0.7603023648262024 110400
1774006200498 0.7614068388938904 111200
1774006288812 0.7774587869644165 112000
1774006377173 0.7515583634376526 112800
1774006468061 0.7508676052093506 113600
1774006558173 0.7606713771820068 114400
1774006648041 0.779330849647522 115200
1774006736450 0.7824885249137878 116000
1774006826429 0.7887497544288635 116800
1774006916598 0.7535262703895569 117600
1774007005183 0.7760593891143799 118400
1774007093759 0.7700037360191345 119200
1774007183262 0.7712935209274292 120000
1774007274459 0.7908420562744141 120800
1774007365105 0.7909703254699707 121600
1774007460243 0.7734138369560242 122400
1774007561246 0.7582505941390991 123200
1774007659300 0.7530959844589233 124000
1774007755589 0.758570671081543 124800
1774007853340 0.7715774178504944 125600
1774007951269 0.7787714600563049 126400
1774008047795 0.7770407199859619 127200
1774008143781 0.7621341943740845 128000
1774008242454 0.7661799192428589 128800
1774008340644 0.7645508050918579 129600
1774008437134 0.7829643487930298 130400
1774008535329 0.7822148203849792 131200
1774008638548 0.7707924842834473 132000
1774008735090 0.7891383171081543 132800
1774008834661 0.7729165554046631 133600
1774008933145 0.7804164886474609 134400
1774009030591 0.7538738250732422 135200
1774009127567 0.7657003998756409 136000
1774009225172 0.7558603882789612 136800
1774009322286 0.767328679561615 137600
1774009420940 0.7536163330078125 138400
1774009518273 0.7468243837356567 139200
1774009615475 0.7756330370903015 140000
1774009715390 0.7755661010742188 140800
1774009815410 0.7762458920478821 141600
1774009913294 0.7519668340682983 142400
1774010010715 0.7679155468940735 143200
1774010109989 0.7619217038154602 144000
1774010212541 0.7376923561096191 144800
1774010309901 0.7372612357139587 145600
1774010407260 0.7595882415771484 146400
1774010509369 0.7821582555770874 147200
1774010611300 0.7618896961212158 148000
1774010713311 0.7481363415718079 148800
1774010818976 0.7600007653236389 149600
1774010925866 0.7573792934417725 150400
