1773993602796 -0.00371725857257843 800
1773993699234 -0.0030565576162189245 1600
1773993793960 -0.0020897213835269213 2400
1773993891158 -0.0012359217507764697 3200
1773993983586 -0.00011852448369609192 4000
1773994077429 0.0006491639069281518 4800
1773994174442 0.00157742144074291 5600
1773994268346 0.002379975514486432 6400
1773994362285 0.003176264464855194 7200
1773994454604 0.004032530821859837 8000
1773994542871 0.004918094724416733 8800
1773994630737 0.005907145794481039 9600
1773994717257 0.006970785558223724 10400
1773994803949 0.007853750139474869 11200
1773994891765 0.009130537509918213 12000
1773994978456 0.01024361327290535 12800
1773995064361 0.011519061401486397 13600
1773995154597 0.012764565646648407 14400
1773995244759 0.01365074422210455 15200
1773995331409 0.014933422207832336 16000
1773995418136 0.016497047618031502 16800
1773995503468 0.018562784418463707 17600
1773995590489 0.01950080133974552 18400
1773995676145 0.020807793363928795 19200
1773995761554 0.021887727081775665 20000
1773995847002 0.022450879216194153 20800
1773995934380 0.02335287071764469 21600
1773996021549 0.023957448080182076 22400
1773996111954 0.024822968989610672 23200
1773996197497 0.025592852383852005 24000
1773996283296 0.026158731430768967 24800
1773996370904 0.0269527118653059 25600
1773996458083 0.02770048752427101 26400
1773996545665 0.028297841548919678 27200
1773996633155 0.028805168345570564 28000
1773996721424 0.02926183119416237 28800
1773996806996 0.02956145629286766 29600
1773996894620 0.030026065185666084 30400
1773996982993 0.030313611030578613 31200
1773997070479 0.030642909929156303 32000
1773997156404 0.031089453026652336 32800
1773997243879 0.031094808131456375 33600
1773997331672 0.03128867596387863 34400
1773997420299 0.03170236945152283 35200
1773997507945 0.03197195380926132 36000
1773997595723 0.03232470527291298 36800
1773997682156 0.03274146467447281 37600
1773997773245 0.03286295011639595 38400
1773997863835 0.03318772092461586 39200
1773997951626 0.033514924347400665 40000
1773998039429 0.03387762978672981 40800
1773998130822 0.034024927765131 41600
1773998217083 0.0342833548784256 42400
1773998305010 0.03441198915243149 43200
1773998393731 0.03481180965900421 44000
1773998480061 0.034655313938856125 44800
1773998568133 0.034988682717084885 45600
1773998657036 0.03545237332582474 46400
1773998744816 0.03543895483016968 47200
1773998840613 0.035809390246868134 48000
1773998939313 0.03585600107908249 48800
1773999040628 0.03598743677139282 49600
1773999134538 0.036207303404808044 50400
1773999228134 0.036552321165800095 51200
1773999323419 0.03694133087992668 52000
1773999418757 0.037058230489492416 52800
1773999514153 0.03708076849579811 53600
1773999608072 0.03744431957602501 54400
1773999703556 0.03752459958195686 55200
1773999799379 0.03779958188533783 56000
1773999894862 0.03792101517319679 56800
1773999991597 0.03790097311139107 57600
1774000087595 0.03808518499135971 58400
1774000181551 0.03841419145464897 59200
1774000275834 0.03844849765300751 60000
1774000371812 0.038582559674978256 60800
1774000471056 0.03888477385044098 61600
1774000567107 0.03916702792048454 62400
1774000661287 0.03912149742245674 63200
1774000760398 0.03944063559174538 64000
1774000856618 0.03936625272035599 64800
1774000953638 0.0394977368414402 65600
1774001047876 0.03955763950943947 66400
1774001147241 0.0397496297955513 67200
1774001241937 0.0396830178797245 68000
1774001337927 0.03975309431552887 68800
1774001434847 0.0399266816675663 69600
1774001531222 0.04019833356142044 70400
1774001627366 0.040370017290115356 71200
1774001721873 0.04044948145747185 72000
1774001818044 0.04057754948735237 72800
1774001914303 0.04052663594484329 73600
1774002009156 0.04081335663795471 74400
1774002108919 0.04096999764442444 75200
1774002205437 0.04112279787659645 76000
1774002302988 0.04121154546737671 76800
1774002397689 0.041234202682971954 77600
1774002495276 0.041244059801101685 78400
1774002591705 0.041420307010412216 79200
1774002689280 0.04142717644572258 80000
1774002789191 0.04157685860991478 80800
1774002883956 0.041856300085783005 81600
1774002978282 0.04168856143951416 82400
1774003067190 0.04162503778934479 83200
1774003154475 0.04181342199444771 84000
1774003243605 0.0418575257062912 84800
1774003335839 0.04183680936694145 85600
1774003423414 0.04191775992512703 86400
1774003512436 0.04194294661283493 87200
1774003599921 0.042240723967552185 88000
1774003690233 0.04224753752350807 88800
1774003779697 0.04235076159238815 89600
1774003872410 0.04249238967895508 90400
1774003961783 0.04256466403603554 91200
1774004051143 0.04276307672262192 92000
1774004140403 0.04283776879310608 92800
1774004229903 0.04288657382130623 93600
1774004319498 0.042926739901304245 94400
1774004408576 0.0429791696369648 95200
1774004497862 0.043359819799661636 96000
1774004588116 0.04333031177520752 96800
1774004678271 0.04349725693464279 97600
1774004768933 0.04348346218466759 98400
1774004858451 0.04380150884389877 99200
1774004948793 0.04359181597828865 100000
1774005038539 0.043437324464321136 100800
1774005128351 0.04388853907585144 101600
1774005216229 0.04399370029568672 102400
1774005306248 0.04402691498398781 103200
1774005394318 0.0440494529902935 104000
1774005483879 0.04410003498196602 104800
1774005573872 0.04434056580066681 105600
1774005662054 0.04458162561058998 106400
1774005751490 0.044389087706804276 107200
1774005839606 0.04435424879193306 108000
1774005932552 0.044619426131248474 108800
1774006022379 0.04456634074449539 109600
1774006112246 0.04470844194293022 110400
1774006200498 0.04466637596487999 111200
1774006288812 0.04489836096763611 112000
1774006377173 0.044826358556747437 112800
1774006468061 0.04477769136428833 113600
1774006558173 0.04504965990781784 114400
1774006648041 0.04519050940871239 115200
1774006736450 0.04501612111926079 116000
1774006826429 0.04516780376434326 116800
1774006916598 0.04489213228225708 117600
1774007005183 0.04507390782237053 118400
1774007093759 0.045300018042325974 119200
1774007183262 0.04541166126728058 120000
1774007274459 0.04542608559131622 120800
1774007365105 0.045482441782951355 121600
1774007460243 0.04559643566608429 122400
1774007561246 0.045611556619405746 123200
1774007659300 0.045656438916921616 124000
1774007755589 0.0455855093896389 124800
1774007853340 0.04566500708460808 125600
1774007951269 0.04567151889204979 126400
1774008047795 0.04578247293829918 127200
1774008143781 0.04591955244541168 128000
1774008242454 0.04600106552243233 128800
1774008340644 0.045939069241285324 129600
1774008437134 0.04603634774684906 130400
1774008535329 0.04617331549525261 131200
1774008638548 0.046115100383758545 132000
1774008735090 0.04638279974460602 132800
1774008834661 0.04626833274960518 133600
1774008933145 0.04619880020618439 134400
1774009030591 0.04613304138183594 135200
1774009127567 0.04628570377826691 136000
1774009225172 0.046220168471336365 136800
1774009322286 0.04640243574976921 137600
1774009420940 0.046422433108091354 138400
1774009518273 0.046484291553497314 139200
1774009615475 0.046817176043987274 140000
1774009715390 0.04679609090089798 140800
1774009815410 0.04678918421268463 141600
1774009913294 0.04674973338842392 142400
1774010010715 0.04689997807145119 143200
1774010109989 0.04705313220620155 144000
1774010212541 0.04697033390402794 144800
1774010309901 0.04710448905825615 145600
1774010407260 0.047292981296777725 146400
1774010509369 0.047422993928194046 147200
1774010611300 0.0473996065557003 148000
1774010713311 0.04734247177839279 148800
1774010818976 0.04732120782136917 149600
1774010925866 0.04738862067461014 150400
