1773993602796 6.714274883270264 800
1773993699234 5.959925651550293 1600
1773993793960 6.681814193725586 2400
1773993891158 5.879110813140869 3200
1773993983586 7.9207072257995605 4000
1773994077429 6.801885604858398 4800
1773994174442 8.133246421813965 5600
1773994268346 8.451303482055664 6400
1773994362285 7.905298233032227 7200
1773994454604 9.04796028137207 8000
1773994542871 10.660097122192383 8800
1773994630737 10.673066139221191 9600
1773994717257 11.447330474853516 10400
1773994803949 10.972295761108398 11200
1773994891765 11.485381126403809 12000
1773994978456 10.953458786010742 12800
1773995064361 11.772627830505371 13600
1773995154597 11.7742280960083 14400
1773995244759 11.691885948181152 15200
1773995331409 11.770190238952637 16000
1773995418136 11.16189956665039 16800
1773995503468 11.25032901763916 17600
1773995590489 12.370352745056152 18400
1773995676145 12.064335823059082 19200
1773995761554 11.145960807800293 20000
1773995847002 13.388638496398926 20800
1773995934380 11.756155967712402 21600
1773996021549 12.11524486541748 22400
1773996111954 11.99107837677002 23200
1773996197497 12.102840423583984 24000
1773996283296 13.374517440795898 24800
1773996370904 11.890625 25600
1773996458083 11.970972061157227 26400
1773996545665 12.2833890914917 27200
1773996633155 12.468050003051758 28000
1773996721424 12.46151351928711 28800
1773996806996 12.098166465759277 29600
1773996894620 12.54874038696289 30400
1773996982993 12.159660339355469 31200
1773997070479 11.661053657531738 32000
1773997156404 11.611111640930176 32800
1773997243879 12.18679141998291 33600
1773997331672 13.6229248046875 34400
1773997420299 11.458121299743652 35200
1773997507945 12.442498207092285 36000
1773997595723 10.950149536132812 36800
1773997682156 12.151897430419922 37600
1773997773245 13.434828758239746 38400
1773997863835 12.989055633544922 39200
1773997951626 12.06888484954834 40000
1773998039429 12.176311492919922 40800
1773998130822 12.552610397338867 41600
1773998217083 11.40704345703125 42400
1773998305010 12.432767868041992 43200
1773998393731 11.590736389160156 44000
1773998480061 14.023189544677734 44800
1773998568133 13.151068687438965 45600
1773998657036 11.194242477416992 46400
1773998744816 12.761144638061523 47200
1773998840613 10.763749122619629 48000
1773998939313 12.223960876464844 48800
1773999040628 12.746816635131836 49600
1773999134538 13.074127197265625 50400
1773999228134 12.735983848571777 51200
1773999323419 12.143271446228027 52000
1773999418757 11.864140510559082 52800
1773999514153 13.737945556640625 53600
1773999608072 12.150545120239258 54400
1773999703556 12.185173988342285 55200
1773999799379 11.136194229125977 56000
1773999894862 11.94345474243164 56800
1773999991597 12.622724533081055 57600
1774000087595 12.678916931152344 58400
1774000181551 10.721312522888184 59200
1774000275834 12.440282821655273 60000
1774000371812 12.835563659667969 60800
1774000471056 11.789573669433594 61600
1774000567107 11.482255935668945 62400
1774000661287 12.105645179748535 63200
1774000760398 10.901307106018066 64000
1774000856618 11.824926376342773 64800
1774000953638 13.11353874206543 65600
1774001047876 12.953742980957031 66400
1774001147241 11.647711753845215 67200
1774001241937 12.39399242401123 68000
1774001337927 12.956948280334473 68800
1774001434847 12.871347427368164 69600
1774001531222 12.486075401306152 70400
1774001627366 11.885945320129395 71200
1774001721873 12.607550621032715 72000
1774001818044 11.940226554870605 72800
1774001914303 13.083267211914062 73600
1774002009156 11.487213134765625 74400
1774002108919 11.307404518127441 75200
1774002205437 12.195584297180176 76000
1774002302988 11.886940956115723 76800
1774002397689 11.578804016113281 77600
1774002495276 12.192779541015625 78400
1774002591705 10.608980178833008 79200
1774002689280 12.362516403198242 80000
1774002789191 12.043200492858887 80800
1774002883956 10.648967742919922 81600
1774002978282 12.304092407226562 82400
1774003067190 13.306538581848145 83200
1774003154475 12.446955680847168 84000
1774003243605 12.420731544494629 84800
1774003335839 11.80959701538086 85600
1774003423414 12.381453514099121 86400
1774003512436 13.45944881439209 87200
1774003599921 11.791141510009766 88000
1774003690233 12.406347274780273 88800
1774003779697 13.245254516601562 89600
1774003872410 12.243577003479004 90400
1774003961783 12.801982879638672 91200
1774004051143 12.159863471984863 92000
1774004140403 11.493228912353516 92800
1774004229903 11.135568618774414 93600
1774004319498 12.848511695861816 94400
1774004408576 12.415633201599121 95200
1774004497862 10.858689308166504 96000
1774004588116 12.348339080810547 96800
1774004678271 12.226306915283203 97600
1774004768933 13.541448593139648 98400
1774004858451 10.728137969970703 99200
1774004948793 11.770220756530762 100000
1774005038539 13.975747108459473 100800
1774005128351 10.987136840820312 101600
1774005216229 12.02476692199707 102400
1774005306248 12.703977584838867 103200
1774005394318 12.429852485656738 104000
1774005483879 12.407537460327148 104800
1774005573872 12.174338340759277 105600
1774005662054 10.672714233398438 106400
1774005751490 12.645943641662598 107200
1774005839606 13.115615844726562 108000
1774005932552 10.603436470031738 108800
1774006022379 11.599762916564941 109600
1774006112246 12.267173767089844 110400
1774006200498 12.654820442199707 111200
1774006288812 11.315206527709961 112000
1774006377173 13.145464897155762 112800
1774006468061 13.406091690063477 113600
1774006558173 12.321460723876953 114400
1774006648041 11.080580711364746 115200
1774006736450 11.476825714111328 116000
1774006826429 10.740496635437012 116800
1774006916598 13.707475662231445 117600
1774007005183 11.986953735351562 118400
1774007093759 11.944860458374023 119200
1774007183262 11.856496810913086 120000
1774007274459 11.201820373535156 120800
1774007365105 10.892555236816406 121600
1774007460243 11.778772354125977 122400
1774007561246 12.374547004699707 123200
1774007659300 12.746587753295898 124000
1774007755589 13.035829544067383 124800
1774007853340 12.008198738098145 125600
1774007951269 11.704129219055176 126400
1774008047795 11.714627265930176 127200
1774008143781 12.316715240478516 128000
1774008242454 12.033880233764648 128800
1774008340644 12.41268253326416 129600
1774008437134 11.1813325881958 130400
1774008535329 11.310487747192383 131200
1774008638548 12.23796272277832 132000
1774008735090 10.694982528686523 132800
1774008834661 12.149103164672852 133600
1774008933145 12.292855262756348 134400
1774009030591 13.75163459777832 135200
1774009127567 12.704202651977539 136000
1774009225172 13.645732879638672 136800
1774009322286 12.598884582519531 137600
1774009420940 13.323932647705078 138400
1774009518273 13.698019027709961 139200
1774009615475 11.673904418945312 140000
1774009715390 11.434497833251953 140800
1774009815410 11.679140090942383 141600
1774009913294 13.417604446411133 142400
1774010010715 12.246538162231445 143200
1774010109989 12.612959861755371 144000
1774010212541 14.35228443145752 144800
1774010309901 14.207778930664062 145600
1774010407260 12.272533416748047 146400
1774010509369 10.98849868774414 147200
1774010611300 12.125813484191895 148000
1774010713311 13.437803268432617 148800
1774010818976 12.926891326904297 149600
1774010925866 12.403956413269043 150400
