1773993602796 0.0021951503586024046 800
1773993699234 0.0011425507254898548 1600
1773993793960 -0.0002438119990983978 2400
1773993891158 -0.0008540814742445946 3200
1773993983586 -0.001956129679456353 4000
1773994077429 -0.0030659001786261797 4800
1773994174442 -0.0037018770817667246 5600
1773994268346 -0.0037691148463636637 6400
1773994362285 -0.0045167384669184685 7200
1773994454604 -0.00481178006157279 8000
1773994542871 -0.004987992346286774 8800
1773994630737 -0.005058723501861095 9600
1773994717257 -0.005205671768635511 10400
1773994803949 -0.005505104083567858 11200
1773994891765 -0.005646740552037954 12000
1773994978456 -0.0058641862124204636 12800
1773995064361 -0.005738232284784317 13600
1773995154597 -0.0058038500137627125 14400
1773995244759 -0.005776480305939913 15200
1773995331409 -0.005586160812526941 16000
1773995418136 -0.005537752062082291 16800
1773995503468 -0.005527172703295946 17600
1773995590489 -0.005314683075994253 18400
1773995676145 -0.00569294486194849 19200
1773995761554 -0.005964490585029125 20000
1773995847002 -0.005901244468986988 20800
1773995934380 -0.005809188354760408 21600
1773996021549 -0.005795216653496027 22400
1773996111954 -0.005914077162742615 23200
1773996197497 -0.005872206296771765 24000
1773996283296 -0.006034239195287228 24800
1773996370904 -0.006296556442975998 25600
1773996458083 -0.006445763166993856 26400
1773996545665 -0.006643074564635754 27200
1773996633155 -0.006521868985146284 28000
1773996721424 -0.006753414403647184 28800
1773996806996 -0.0066490634344518185 29600
1773996894620 -0.006649741902947426 30400
1773996982993 -0.006931719370186329 31200
1773997070479 -0.006806190591305494 32000
1773997156404 -0.006883747410029173 32800
1773997243879 -0.006889682728797197 33600
1773997331672 -0.0069616432301700115 34400
1773997420299 -0.007361603435128927 35200
1773997507945 -0.0073325796984136105 36000
1773997595723 -0.007328665815293789 36800
1773997682156 -0.007421731948852539 37600
1773997773245 -0.007379865739494562 38400
1773997863835 -0.007678957190364599 39200
1773997951626 -0.00790504552423954 40000
1773998039429 -0.008048797957599163 40800
1773998130822 -0.008139016106724739 41600
1773998217083 -0.008257756009697914 42400
1773998305010 -0.008199960924685001 43200
1773998393731 -0.008486665785312653 44000
1773998480061 -0.008173822425305843 44800
1773998568133 -0.00830934289842844 45600
1773998657036 -0.008438206277787685 46400
1773998744816 -0.008304045535624027 47200
1773998840613 -0.00869931373745203 48000
1773998939313 -0.008484015241265297 48800
1773999040628 -0.008503957651555538 49600
1773999134538 -0.008717183023691177 50400
1773999228134 -0.009048420004546642 51200
1773999323419 -0.009517116472125053 52000
1773999418757 -0.009429985657334328 52800
1773999514153 -0.009526334702968597 53600
1773999608072 -0.009714273735880852 54400
1773999703556 -0.009843491949141026 55200
1773999799379 -0.010088639333844185 56000
1773999894862 -0.010067400522530079 56800
1773999991597 -0.00984592828899622 57600
1774000087595 -0.009919491596519947 58400
1774000181551 -0.010239279828965664 59200
1774000275834 -0.01025801058858633 60000
1774000371812 -0.010539676994085312 60800
1774000471056 -0.01060597226023674 61600
1774000567107 -0.010725434869527817 62400
1774000661287 -0.010451555252075195 63200
1774000760398 -0.010713727213442326 64000
1774000856618 -0.010622482746839523 64800
1774000953638 -0.010868863202631474 65600
1774001047876 -0.01076293084770441 66400
1774001147241 -0.010988236404955387 67200
1774001241937 -0.010733293369412422 68000
1774001337927 -0.010748551227152348 68800
1774001434847 -0.010847280733287334 69600
1774001531222 -0.011254982091486454 70400
1774001627366 -0.011469761840999126 71200
1774001721873 -0.011715840548276901 72000
1774001818044 -0.01164313592016697 72800
1774001914303 -0.011628451757133007 73600
1774002009156 -0.011964126490056515 74400
1774002108919 -0.012175450101494789 75200
1774002205437 -0.012423969805240631 76000
1774002302988 -0.012483937665820122 76800
1774002397689 -0.012410985305905342 77600
1774002495276 -0.012443886138498783 78400
1774002591705 -0.012651985511183739 79200
1774002689280 -0.01280721090734005 80000
1774002789191 -0.01290055550634861 80800
1774002883956 -0.013178911991417408 81600
1774002978282 -0.012990628369152546 82400
1774003067190 -0.01288030855357647 83200
1774003154475 -0.012940706685185432 84000
1774003243605 -0.012946772389113903 84800
1774003335839 -0.01280409935861826 85600
1774003423414 -0.012889547273516655 86400
1774003512436 -0.01303879451006651 87200
1774003599921 -0.013290800154209137 88000
1774003690233 -0.01343291811645031 88800
1774003779697 -0.013472343795001507 89600
1774003872410 -0.013728532940149307 90400
1774003961783 -0.013867909088730812 91200
1774004051143 -0.01412239670753479 92000
1774004140403 -0.014242398552596569 92800
1774004229903 -0.014176863245666027 93600
1774004319498 -0.014367871917784214 94400
1774004408576 -0.014397718012332916 95200
1774004497862 -0.014791209250688553 96000
1774004588116 -0.014781404286623001 96800
1774004678271 -0.0148482546210289 97600
1774004768933 -0.014891971834003925 98400
1774004858451 -0.014994189143180847 99200
1774004948793 -0.014755607582628727 100000
1774005038539 -0.01460754033178091 100800
1774005128351 -0.015138387680053711 101600
1774005216229 -0.015392462722957134 102400
1774005306248 -0.015501745045185089 103200
1774005394318 -0.015562770888209343 104000
1774005483879 -0.01557921152561903 104800
1774005573872 -0.015958786010742188 105600
1774005662054 -0.01612129621207714 106400
1774005751490 -0.015934936702251434 107200
1774005839606 -0.015820994973182678 108000
1774005932552 -0.015989234670996666 108800
1774006022379 -0.0159194003790617 109600
1774006112246 -0.016128050163388252 110400
1774006200498 -0.01606687344610691 111200
1774006288812 -0.016401486471295357 112000
1774006377173 -0.016342205926775932 112800
1774006468061 -0.01628946140408516 113600
1774006558173 -0.01648285612463951 114400
1774006648041 -0.016589447855949402 115200
1774006736450 -0.016316259279847145 116000
1774006826429 -0.016507521271705627 116800
1774006916598 -0.016177376732230186 117600
1774007005183 -0.016227833926677704 118400
1774007093759 -0.016549590975046158 119200
1774007183262 -0.016718149185180664 120000
1774007274459 -0.0166868157684803 120800
1774007365105 -0.01670224592089653 121600
1774007460243 -0.01689000241458416 122400
1774007561246 -0.01686743274331093 123200
1774007659300 -0.01695135422050953 124000
1774007755589 -0.016852980479598045 124800
1774007853340 -0.01693558134138584 125600
1774007951269 -0.016823649406433105 126400
1774008047795 -0.01690194569528103 127200
1774008143781 -0.017134014517068863 128000
1774008242454 -0.017300955951213837 128800
1774008340644 -0.01727093942463398 129600
1774008437134 -0.017295077443122864 130400
1774008535329 -0.017467349767684937 131200
1774008638548 -0.017338430508971214 132000
1774008735090 -0.01771377958357334 132800
1774008834661 -0.017527805641293526 133600
1774008933145 -0.01738733984529972 134400
1774009030591 -0.017342442646622658 135200
1774009127567 -0.017541049048304558 136000
1774009225172 -0.017432285472750664 136800
1774009322286 -0.017660195007920265 137600
1774009420940 -0.01768200471997261 138400
1774009518273 -0.017667502164840698 139200
1774009615475 -0.018025828525424004 140000
1774009715390 -0.017856812104582787 140800
1774009815410 -0.01786537654697895 141600
1774009913294 -0.017839092761278152 142400
1774010010715 -0.017879394814372063 143200
1774010109989 -0.01798674464225769 144000
1774010212541 -0.018013587221503258 144800
1774010309901 -0.018323959782719612 145600
1774010407260 -0.018471423536539078 146400
1774010509369 -0.018639585003256798 147200
1774010611300 -0.018580298870801926 148000
1774010713311 -0.018560051918029785 148800
1774010818976 -0.018469998612999916 149600
1774010925866 -0.018426397815346718 150400
