1773993602796 4944374.5 800
1773993699234 4832880.0 1600
1773993793960 4773655.5 2400
1773993891158 4742662.5 3200
1773993983586 4737477.5 4000
1773994077429 4782930.0 4800
1773994174442 4808628.5 5600
1773994268346 4848574.5 6400
1773994362285 4926689.5 7200
1773994454604 4928638.0 8000
1773994542871 4922067.5 8800
1773994630737 5006225.5 9600
1773994717257 5010176.5 10400
1773994803949 5055005.5 11200
1773994891765 5084604.0 12000
1773994978456 5115457.5 12800
1773995064361 5095016.0 13600
1773995154597 5101342.0 14400
1773995244759 5098474.5 15200
1773995331409 5119111.0 16000
1773995418136 5223150.0 16800
1773995503468 5253456.0 17600
1773995590489 5262269.0 18400
1773995676145 5259376.5 19200
1773995761554 5258546.5 20000
1773995847002 5189531.5 20800
1773995934380 5228626.0 21600
1773996021549 5199376.5 22400
1773996111954 5202978.0 23200
1773996197497 5235643.5 24000
1773996283296 5178016.5 24800
1773996370904 5223633.0 25600
1773996458083 5219282.5 26400
1773996545665 5186662.0 27200
1773996633155 5139363.5 28000
1773996721424 5190558.0 28800
1773996806996 5250494.0 29600
1773996894620 5260805.0 30400
1773996982993 5245968.0 31200
1773997070479 5303543.5 32000
1773997156404 5359651.0 32800
1773997243879 5319457.5 33600
1773997331672 5254727.5 34400
1773997420299 5304042.5 35200
1773997507945 5224981.5 36000
1773997595723 5274483.5 36800
1773997682156 5217808.5 37600
1773997773245 5115949.5 38400
1773997863835 5142816.5 39200
1773997951626 5175606.0 40000
1773998039429 5206539.5 40800
1773998130822 5185260.0 41600
1773998217083 5204624.5 42400
1773998305010 5187737.5 43200
1773998393731 5213874.0 44000
1773998480061 5144876.0 44800
1773998568133 5159560.0 45600
1773998657036 5180212.5 46400
1773998744816 5138610.5 47200
1773998840613 5220280.5 48000
1773998939313 5221111.5 48800
1773999040628 5154413.0 49600
1773999134538 5173492.5 50400
1773999228134 5152060.5 51200
1773999323419 5177771.0 52000
1773999418757 5188286.5 52800
1773999514153 5085861.5 53600
1773999608072 5152618.0 54400
1773999703556 5111102.0 55200
1773999799379 5182062.0 56000
1773999894862 5150436.5 56800
1773999991597 5154452.0 57600
1774000087595 5153967.5 58400
1774000181551 5217807.0 59200
1774000275834 5120298.0 60000
1774000371812 5126651.0 60800
1774000471056 5129373.5 61600
1774000567107 5086736.0 62400
1774000661287 5064332.0 63200
1774000760398 5122227.0 64000
1774000856618 5131135.0 64800
1774000953638 5094856.0 65600
1774001047876 5100407.5 66400
1774001147241 5196173.0 67200
1774001241937 5217319.5 68000
1774001337927 5195570.5 68800
1774001434847 5191916.5 69600
1774001531222 5159974.0 70400
1774001627366 5170348.0 71200
1774001721873 5131825.0 72000
1774001818044 5091438.5 72800
1774001914303 5049112.5 73600
1774002009156 5050106.5 74400
1774002108919 5089305.0 75200
1774002205437 5067987.5 76000
1774002302988 5048758.0 76800
1774002397689 5075614.5 77600
1774002495276 5062364.0 78400
1774002591705 5128561.0 79200
1774002689280 5108405.5 80000
1774002789191 5102830.0 80800
1774002883956 5152726.0 81600
1774002978282 5126364.0 82400
1774003067190 5096611.5 83200
1774003154475 5070699.0 84000
1774003243605 5070571.5 84800
1774003335839 5107723.5 85600
1774003423414 5086344.0 86400
1774003512436 5106707.0 87200
1774003599921 5116074.5 88000
1774003690233 5179890.5 88800
1774003779697 5131620.0 89600
1774003872410 5185403.0 90400
1774003961783 5156461.5 91200
1774004051143 5177273.0 92000
1774004140403 5161552.5 92800
1774004229903 5199519.5 93600
1774004319498 5158082.0 94400
1774004408576 5178858.5 95200
1774004497862 5181014.5 96000
1774004588116 5128068.0 96800
1774004678271 5115298.5 97600
1774004768933 5100326.0 98400
1774004858451 5157209.5 99200
1774004948793 5172712.0 100000
1774005038539 5115094.5 100800
1774005128351 5152956.5 101600
1774005216229 5142780.0 102400
1774005306248 5097957.5 103200
1774005394318 5083988.0 104000
1774005483879 5075326.0 104800
1774005573872 5108328.0 105600
1774005662054 5138693.0 106400
1774005751490 5077204.5 107200
1774005839606 5070515.0 108000
1774005932552 5143081.0 108800
1774006022379 5118042.5 109600
1774006112246 5076804.5 110400
1774006200498 5102361.0 111200
1774006288812 5147597.5 112000
1774006377173 5106728.5 112800
1774006468061 5109067.0 113600
1774006558173 5097065.5 114400
1774006648041 5138308.0 115200
1774006736450 5173606.0 116000
1774006826429 5185876.0 116800
1774006916598 5122766.5 117600
1774007005183 5157389.0 118400
1774007093759 5104325.5 119200
1774007183262 5118377.5 120000
1774007274459 5240191.0 120800
1774007365105 5218232.0 121600
1774007460243 5139519.0 122400
1774007561246 5085298.0 123200
1774007659300 5079079.0 124000
1774007755589 5111030.5 124800
1774007853340 5127887.5 125600
1774007951269 5157746.5 126400
1774008047795 5147840.5 127200
1774008143781 5102078.0 128000
1774008242454 5114152.5 128800
1774008340644 5115216.0 129600
1774008437134 5158442.5 130400
1774008535329 5157985.0 131200
1774008638548 5146916.0 132000
1774008735090 5198098.5 132800
1774008834661 5166605.5 133600
1774008933145 5223970.0 134400
1774009030591 5135922.5 135200
1774009127567 5148009.0 136000
1774009225172 5149014.5 136800
1774009322286 5161369.5 137600
1774009420940 5128949.5 138400
1774009518273 5116134.5 139200
1774009615475 5167436.0 140000
1774009715390 5132581.5 140800
1774009815410 5152889.0 141600
1774009913294 5124956.0 142400
1774010010715 5141060.5 143200
1774010109989 5144547.5 144000
1774010212541 5121708.0 144800
1774010309901 5115521.0 145600
1774010407260 5110659.0 146400
1774010509369 5181461.5 147200
1774010611300 5127439.5 148000
1774010713311 5132673.5 148800
1774010818976 5166096.0 149600
1774010925866 5116305.0 150400
