1773993602796 0.9963987469673157 800
1773993699234 0.9958842396736145 1600
1773993793960 0.9956169128417969 2400
1773993891158 0.9954810738563538 3200
1773993983586 0.9952885508537292 4000
1773994077429 0.9947617053985596 4800
1773994174442 0.993857204914093 5600
1773994268346 0.9931873083114624 6400
1773994362285 0.9927058219909668 7200
1773994454604 0.9916477799415588 8000
1773994542871 0.9908717274665833 8800
1773994630737 0.9901532530784607 9600
1773994717257 0.9893635511398315 10400
1773994803949 0.988761305809021 11200
1773994891765 0.987748920917511 12000
1773994978456 0.987488329410553 12800
1773995064361 0.9868135452270508 13600
1773995154597 0.9863588213920593 14400
1773995244759 0.9857744574546814 15200
1773995331409 0.9858558773994446 16000
1773995418136 0.9855407476425171 16800
1773995503468 0.9849043488502502 17600
1773995590489 0.9848423004150391 18400
1773995676145 0.9842364192008972 19200
1773995761554 0.9840711951255798 20000
1773995847002 0.9835517406463623 20800
1773995934380 0.983601450920105 21600
1773996021549 0.9835174083709717 22400
1773996111954 0.9837884306907654 23200
1773996197497 0.984005868434906 24000
1773996283296 0.9840155839920044 24800
1773996370904 0.9842901229858398 25600
1773996458083 0.9839681386947632 26400
1773996545665 0.9838873744010925 27200
1773996633155 0.9830817580223083 28000
1773996721424 0.9829822182655334 28800
1773996806996 0.9829434156417847 29600
1773996894620 0.9830004572868347 30400
1773996982993 0.9828175902366638 31200
1773997070479 0.9826730489730835 32000
1773997156404 0.9822633862495422 32800
1773997243879 0.9818284511566162 33600
1773997331672 0.9821979403495789 34400
1773997420299 0.9823018312454224 35200
1773997507945 0.9818331003189087 36000
1773997595723 0.9817737340927124 36800
1773997682156 0.9813022613525391 37600
1773997773245 0.9812729358673096 38400
1773997863835 0.9808064699172974 39200
1773997951626 0.980672299861908 40000
1773998039429 0.980651319026947 40800
1773998130822 0.9809584021568298 41600
1773998217083 0.9810203313827515 42400
1773998305010 0.9810552000999451 43200
1773998393731 0.9811140894889832 44000
1773998480061 0.9810281991958618 44800
1773998568133 0.9806122183799744 45600
1773998657036 0.980099618434906 46400
1773998744816 0.9797923564910889 47200
1773998840613 0.9792712926864624 48000
1773998939313 0.9792928695678711 48800
1773999040628 0.9790615439414978 49600
1773999134538 0.9789336919784546 50400
1773999228134 0.9785125851631165 51200
1773999323419 0.9785528779029846 52000
1773999418757 0.9786828756332397 52800
1773999514153 0.9782776832580566 53600
1773999608072 0.9776726365089417 54400
1773999703556 0.9776948690414429 55200
1773999799379 0.9774278402328491 56000
1773999894862 0.9775441884994507 56800
1773999991597 0.9767841100692749 57600
1774000087595 0.9764226675033569 58400
1774000181551 0.9764435887336731 59200
1774000275834 0.9763683676719666 60000
1774000371812 0.9761813879013062 60800
1774000471056 0.9757644534111023 61600
1774000567107 0.9758511185646057 62400
1774000661287 0.9759657382965088 63200
1774000760398 0.9759573936462402 64000
1774000856618 0.9757167100906372 64800
1774000953638 0.9755727648735046 65600
1774001047876 0.9750790596008301 66400
1774001147241 0.9749205708503723 67200
1774001241937 0.9744965434074402 68000
1774001337927 0.9747951626777649 68800
1774001434847 0.9751001000404358 69600
1774001531222 0.9746473431587219 70400
1774001627366 0.9744307994842529 71200
1774001721873 0.9742793440818787 72000
1774001818044 0.9743629693984985 72800
1774001914303 0.9747440218925476 73600
1774002009156 0.9744986295700073 74400
1774002108919 0.9741621017456055 75200
1774002205437 0.9737676382064819 76000
1774002302988 0.9738253951072693 76800
1774002397689 0.9734412431716919 77600
1774002495276 0.9729503393173218 78400
1774002591705 0.9728131294250488 79200
1774002689280 0.9720551371574402 80000
1774002789191 0.9721882343292236 80800
1774002883956 0.9722756743431091 81600
1774002978282 0.9721918702125549 82400
1774003067190 0.9726414084434509 83200
1774003154475 0.9724708199501038 84000
1774003243605 0.9719834327697754 84800
1774003335839 0.9716748595237732 85600
1774003423414 0.9708774089813232 86400
1774003512436 0.9702709913253784 87200
1774003599921 0.9703091382980347 88000
1774003690233 0.9699235558509827 88800
1774003779697 0.9700636267662048 89600
1774003872410 0.9692009091377258 90400
1774003961783 0.9689832329750061 91200
1774004051143 0.9688457250595093 92000
1774004140403 0.968481183052063 92800
1774004229903 0.968467652797699 93600
1774004319498 0.968378484249115 94400
1774004408576 0.9682860374450684 95200
1774004497862 0.9677997827529907 96000
1774004588116 0.9676293134689331 96800
1774004678271 0.9676102995872498 97600
1774004768933 0.9675592184066772 98400
1774004858451 0.9675296545028687 99200
1774004948793 0.9675459265708923 100000
1774005038539 0.9670261740684509 100800
1774005128351 0.9661089181900024 101600
1774005216229 0.9655141830444336 102400
1774005306248 0.965366542339325 103200
1774005394318 0.9649633765220642 104000
1774005483879 0.9648008346557617 104800
1774005573872 0.9645079970359802 105600
1774005662054 0.9646960496902466 106400
1774005751490 0.9647698402404785 107200
1774005839606 0.9644597172737122 108000
1774005932552 0.9637971520423889 108800
1774006022379 0.9636129140853882 109600
1774006112246 0.9635008573532104 110400
1774006200498 0.9633174538612366 111200
1774006288812 0.962773859500885 112000
1774006377173 0.962680995464325 112800
1774006468061 0.9627150893211365 113600
1774006558173 0.9623240828514099 114400
1774006648041 0.9620994329452515 115200
1774006736450 0.9622637033462524 116000
1774006826429 0.9621867537498474 116800
1774006916598 0.9619348645210266 117600
1774007005183 0.9613956212997437 118400
1774007093759 0.96132493019104 119200
1774007183262 0.9609450697898865 120000
1774007274459 0.9613463878631592 120800
1774007365105 0.9611519575119019 121600
1774007460243 0.9608502388000488 122400
1774007561246 0.9607651233673096 123200
1774007659300 0.9601850509643555 124000
1774007755589 0.9604365229606628 124800
1774007853340 0.95978182554245 125600
1774007951269 0.9598183631896973 126400
1774008047795 0.959685742855072 127200
1774008143781 0.9592586755752563 128000
1774008242454 0.958585798740387 128800
1774008340644 0.958513617515564 129600
1774008437134 0.9585279226303101 130400
1774008535329 0.9584816694259644 131200
1774008638548 0.9576731324195862 132000
1774008735090 0.9571800231933594 132800
1774008834661 0.9571064710617065 133600
1774008933145 0.9569005370140076 134400
1774009030591 0.9568392634391785 135200
1774009127567 0.9565383791923523 136000
1774009225172 0.9562351107597351 136800
1774009322286 0.9558975696563721 137600
1774009420940 0.9557313919067383 138400
1774009518273 0.9554165601730347 139200
1774009615475 0.9554133415222168 140000
1774009715390 0.9552298784255981 140800
1774009815410 0.9548302292823792 141600
1774009913294 0.9547579884529114 142400
1774010010715 0.9541158676147461 143200
1774010109989 0.9536455273628235 144000
1774010212541 0.9532509446144104 144800
1774010309901 0.9531996846199036 145600
1774010407260 0.952848494052887 146400
1774010509369 0.9525362253189087 147200
1774010611300 0.9521447420120239 148000
1774010713311 0.9521864652633667 148800
1774010818976 0.951748788356781 149600
1774010925866 0.9515902996063232 150400
