1773993602796 -8.288482666015625 800
1773993699234 -7.405419826507568 1600
1773993793960 -6.812360763549805 2400
1773993891158 -5.86472749710083 3200
1773993983586 -5.526180744171143 4000
1773994077429 -4.529689311981201 4800
1773994174442 -4.346123218536377 5600
1773994268346 -3.9858858585357666 6400
1773994362285 -3.369779586791992 7200
1773994454604 -3.575819492340088 8000
1773994542871 -3.8960535526275635 8800
1773994630737 -3.3391976356506348 9600
1773994717257 -3.5638368129730225 10400
1773994803949 -3.3118629455566406 11200
1773994891765 -3.361492872238159 12000
1773994978456 -3.2183001041412354 12800
1773995064361 -3.4510958194732666 13600
1773995154597 -3.426913261413574 14400
1773995244759 -3.3780298233032227 15200
1773995331409 -3.2302825450897217 16000
1773995418136 -2.56001877784729 16800
1773995503468 -2.6487135887145996 17600
1773995590489 -2.626981735229492 18400
1773995676145 -2.715324640274048 19200
1773995761554 -2.6493890285491943 20000
1773995847002 -3.2807018756866455 20800
1773995934380 -2.730929136276245 21600
1773996021549 -2.914072036743164 22400
1773996111954 -2.93841814994812 23200
1773996197497 -2.8150250911712646 24000
1773996283296 -3.316169261932373 24800
1773996370904 -2.8135502338409424 25600
1773996458083 -2.9280247688293457 26400
1773996545665 -3.254976272583008 27200
1773996633155 -3.5915610790252686 28000
1773996721424 -3.324080228805542 28800
1773996806996 -2.9251673221588135 29600
1773996894620 -3.0286312103271484 30400
1773996982993 -3.058875799179077 31200
1773997070479 -2.6582987308502197 32000
1773997156404 -2.469062089920044 32800
1773997243879 -2.706228256225586 33600
1773997331672 -3.28226375579834 34400
1773997420299 -2.5363643169403076 35200
1773997507945 -3.163381338119507 36000
1773997595723 -2.5880935192108154 36800
1773997682156 -3.2227578163146973 37600
1773997773245 -4.071619987487793 38400
1773997863835 -3.855377435684204 39200
1773997951626 -3.463674306869507 40000
1773998039429 -3.406860589981079 40800
1773998130822 -3.5681655406951904 41600
1773998217083 -3.1505391597747803 42400
1773998305010 -3.4559967517852783 43200
1773998393731 -3.2376818656921387 44000
1773998480061 -4.071785926818848 44800
1773998568133 -3.82299542427063 45600
1773998657036 -3.2956504821777344 46400
1773998744816 -3.89084792137146 47200
1773998840613 -3.0539023876190186 48000
1773998939313 -3.2915234565734863 48800
1773999040628 -3.8221237659454346 49600
1773999134538 -3.805748462677002 50400
1773999228134 -3.9144937992095947 51200
1773999323419 -3.7248587608337402 52000
1773999418757 -3.547189235687256 52800
1773999514153 -4.685516357421875 53600
1773999608072 -3.934182643890381 54400
1773999703556 -4.167481899261475 55200
1773999799379 -3.5568816661834717 56000
1773999894862 -3.9797143936157227 56800
1773999991597 -4.039022445678711 57600
1774000087595 -4.105103015899658 58400
1774000181551 -3.264908790588379 59200
1774000275834 -4.256611347198486 60000
1774000371812 -4.36410665512085 60800
1774000471056 -4.132363319396973 61600
1774000567107 -4.362699508666992 62400
1774000661287 -4.562812805175781 63200
1774000760398 -4.021962642669678 64000
1774000856618 -4.168347358703613 64800
1774000953638 -4.754186630249023 65600
1774001047876 -4.665274620056152 66400
1774001147241 -3.7629177570343018 67200
1774001241937 -3.7476773262023926 68000
1774001337927 -3.9635846614837646 68800
1774001434847 -4.05524206161499 69600
1774001531222 -4.32686710357666 70400
1774001627366 -4.1514739990234375 71200
1774001721873 -4.656590461730957 72000
1774001818044 -4.6317925453186035 72800
1774001914303 -5.163627624511719 73600
1774002009156 -4.767447471618652 74400
1774002108919 -4.5549750328063965 75200
1774002205437 -5.000495910644531 76000
1774002302988 -4.905508041381836 76800
1774002397689 -4.624998569488525 77600
1774002495276 -4.8874921798706055 78400
1774002591705 -4.096337795257568 79200
1774002689280 -4.8365478515625 80000
1774002789191 -4.74713134765625 80800
1774002883956 -4.177285194396973 81600
1774002978282 -4.664420127868652 82400
1774003067190 -5.088716983795166 83200
1774003154475 -4.982776641845703 84000
1774003243605 -4.946046829223633 84800
1774003335839 -4.420191287994385 85600
1774003423414 -4.761485576629639 86400
1774003512436 -5.025898456573486 87200
1774003599921 -4.571126937866211 88000
1774003690233 -4.398876667022705 88800
1774003779697 -4.974342346191406 89600
1774003872410 -4.373246192932129 90400
1774003961783 -4.703412055969238 91200
1774004051143 -4.505296230316162 92000
1774004140403 -4.393636703491211 92800
1774004229903 -3.969464063644409 93600
1774004319498 -4.765558242797852 94400
1774004408576 -4.502412796020508 95200
1774004497862 -4.23666524887085 96000
1774004588116 -4.981343746185303 96800
1774004678271 -5.049180507659912 97600
1774004768933 -5.569822788238525 98400
1774004858451 -4.394933700561523 99200
1774004948793 -4.490174770355225 100000
1774005038539 -5.445193290710449 100800
1774005128351 -4.456024646759033 101600
1774005216229 -4.905648708343506 102400
1774005306248 -5.36334228515625 103200
1774005394318 -5.33210563659668 104000
1774005483879 -5.311695575714111 104800
1774005573872 -5.228394508361816 105600
1774005662054 -4.643303394317627 106400
1774005751490 -5.488238334655762 107200
1774005839606 -5.696358680725098 108000
1774005932552 -4.502323150634766 108800
1774006022379 -4.966788291931152 109600
1774006112246 -5.620677947998047 110400
1774006200498 -5.4895710945129395 111200
1774006288812 -4.991385459899902 112000
1774006377173 -5.923329830169678 112800
1774006468061 -5.884472370147705 113600
1774006558173 -5.6535844802856445 114400
1774006648041 -4.934554576873779 115200
1774006736450 -4.611440181732178 116000
1774006826429 -4.41313362121582 116800
1774006916598 -5.638869285583496 117600
1774007005183 -4.862787246704102 118400
1774007093759 -5.216222763061523 119200
1774007183262 -5.19485330581665 120000
1774007274459 -4.2268805503845215 120800
1774007365105 -4.272298812866211 121600
1774007460243 -5.174104690551758 122400
1774007561246 -5.798250198364258 123200
1774007659300 -5.952205657958984 124000
1774007755589 -5.638141632080078 124800
1774007853340 -5.211775779724121 125600
1774007951269 -4.877786636352539 126400
1774008047795 -4.983588695526123 127200
1774008143781 -5.661586284637451 128000
1774008242454 -5.541265487670898 128800
1774008340644 -5.533815860748291 129600
1774008437134 -4.80711555480957 130400
1774008535329 -4.851162433624268 131200
1774008638548 -5.267522811889648 132000
1774008735090 -4.612253189086914 132800
1774008834661 -5.178019046783447 133600
1774008933145 -4.75114107131958 134400
1774009030591 -5.75430965423584 135200
1774009127567 -5.420992851257324 136000
1774009225172 -5.67509651184082 136800
1774009322286 -5.363505840301514 137600
1774009420940 -5.8880534172058105 138400
1774009518273 -6.121587753295898 139200
1774009615475 -5.193653583526611 140000
1774009715390 -5.190965175628662 140800
1774009815410 -5.119027137756348 141600
1774009913294 -5.955620288848877 142400
1774010010715 -5.429230690002441 143200
1774010109989 -5.6815266609191895 144000
1774010212541 -6.4416823387146 144800
1774010309901 -6.553802490234375 145600
1774010407260 -5.910503387451172 146400
1774010509369 -5.063838958740234 147200
1774010611300 -5.8573455810546875 148000
1774010713311 -6.247687339782715 148800
1774010818976 -5.786490440368652 149600
1774010925866 -5.969632148742676 150400
