1773993602796 0.997483491897583 800
1773993699234 0.9980959296226501 1600
1773993793960 0.9987579584121704 2400
1773993891158 0.999386191368103 3200
1773993983586 1.0004557371139526 4000
1773994077429 1.0011533498764038 4800
1773994174442 1.0021047592163086 5600
1773994268346 1.002549409866333 6400
1773994362285 1.0030878782272339 7200
1773994454604 1.0030330419540405 8000
1773994542871 1.0037795305252075 8800
1773994630737 1.003835916519165 9600
1773994717257 1.0037062168121338 10400
1773994803949 1.0038058757781982 11200
1773994891765 1.004008412361145 12000
1773994978456 1.0047273635864258 12800
1773995064361 1.0049996376037598 13600
1773995154597 1.0047801733016968 14400
1773995244759 1.0055515766143799 15200
1773995331409 1.0060030221939087 16000
1773995418136 1.0063841342926025 16800
1773995503468 1.0064313411712646 17600
1773995590489 1.0068291425704956 18400
1773995676145 1.0067764520645142 19200
1773995761554 1.0068069696426392 20000
1773995847002 1.0067839622497559 20800
1773995934380 1.006908893585205 21600
1773996021549 1.0068174600601196 22400
1773996111954 1.006789207458496 23200
1773996197497 1.007298469543457 24000
1773996283296 1.0073316097259521 24800
1773996370904 1.007388710975647 25600
1773996458083 1.0079799890518188 26400
1773996545665 1.0082567930221558 27200
1773996633155 1.0081669092178345 28000
1773996721424 1.0081912279129028 28800
1773996806996 1.0086617469787598 29600
1773996894620 1.0090850591659546 30400
1773996982993 1.009333610534668 31200
1773997070479 1.009498953819275 32000
1773997156404 1.0102269649505615 32800
1773997243879 1.0103496313095093 33600
1773997331672 1.0103435516357422 34400
1773997420299 1.0101488828659058 35200
1773997507945 1.0103950500488281 36000
1773997595723 1.0107760429382324 36800
1773997682156 1.0110793113708496 37600
1773997773245 1.0114517211914062 38400
1773997863835 1.0120309591293335 39200
1773997951626 1.0125325918197632 40000
1773998039429 1.012703537940979 40800
1773998130822 1.0128841400146484 41600
1773998217083 1.0128356218338013 42400
1773998305010 1.012750267982483 43200
1773998393731 1.0135554075241089 44000
1773998480061 1.0136730670928955 44800
1773998568133 1.0135653018951416 45600
1773998657036 1.013764500617981 46400
1773998744816 1.0141520500183105 47200
1773998840613 1.0141903162002563 48000
1773998939313 1.0147761106491089 48800
1773999040628 1.0148452520370483 49600
1773999134538 1.0148640871047974 50400
1773999228134 1.0146688222885132 51200
1773999323419 1.0150433778762817 52000
1773999418757 1.0152853727340698 52800
1773999514153 1.0156464576721191 53600
1773999608072 1.0158425569534302 54400
1773999703556 1.0161418914794922 55200
1773999799379 1.0165873765945435 56000
1773999894862 1.016614317893982 56800
1773999991597 1.0174508094787598 57600
1774000087595 1.0175904035568237 58400
1774000181551 1.0177077054977417 59200
1774000275834 1.0178862810134888 60000
1774000371812 1.018469214439392 60800
1774000471056 1.0183345079421997 61600
1774000567107 1.0183569192886353 62400
1774000661287 1.0185025930404663 63200
1774000760398 1.0186254978179932 64000
1774000856618 1.0188031196594238 64800
1774000953638 1.019083023071289 65600
1774001047876 1.0195248126983643 66400
1774001147241 1.0199912786483765 67200
1774001241937 1.0197392702102661 68000
1774001337927 1.0197248458862305 68800
1774001434847 1.0200895071029663 69600
1774001531222 1.0199166536331177 70400
1774001627366 1.0202155113220215 71200
1774001721873 1.020525336265564 72000
1774001818044 1.020521879196167 72800
1774001914303 1.0204596519470215 73600
1774002009156 1.0206830501556396 74400
1774002108919 1.020997405052185 75200
1774002205437 1.020935297012329 76000
1774002302988 1.021039366722107 76800
1774002397689 1.0213831663131714 77600
1774002495276 1.0213123559951782 78400
1774002591705 1.0212249755859375 79200
1774002689280 1.0217119455337524 80000
1774002789191 1.0219112634658813 80800
1774002883956 1.0221245288848877 81600
1774002978282 1.022371768951416 82400
1774003067190 1.02236008644104 83200
1774003154475 1.0224164724349976 84000
1774003243605 1.022636890411377 84800
1774003335839 1.0228976011276245 85600
1774003423414 1.0230213403701782 86400
1774003512436 1.0236366987228394 87200
1774003599921 1.0237817764282227 88000
1774003690233 1.0240004062652588 88800
1774003779697 1.0242395401000977 89600
1774003872410 1.0242050886154175 90400
1774003961783 1.0241364240646362 91200
1774004051143 1.0243765115737915 92000
1774004140403 1.0243899822235107 92800
1774004229903 1.0245184898376465 93600
1774004319498 1.0243732929229736 94400
1774004408576 1.0243232250213623 95200
1774004497862 1.0244150161743164 96000
1774004588116 1.0241749286651611 96800
1774004678271 1.024251937866211 97600
1774004768933 1.0241552591323853 98400
1774004858451 1.0242620706558228 99200
1774004948793 1.0246050357818604 100000
1774005038539 1.0251699686050415 100800
1774005128351 1.0252984762191772 101600
1774005216229 1.0257534980773926 102400
1774005306248 1.025698184967041 103200
1774005394318 1.0255048274993896 104000
1774005483879 1.0254863500595093 104800
1774005573872 1.025567889213562 105600
1774005662054 1.0258314609527588 106400
1774005751490 1.0259941816329956 107200
1774005839606 1.026349425315857 108000
1774005932552 1.0264734029769897 108800
1774006022379 1.026557207107544 109600
1774006112246 1.0269296169281006 110400
1774006200498 1.027155876159668 111200
1774006288812 1.0271968841552734 112000
1774006377173 1.0274006128311157 112800
1774006468061 1.0275062322616577 113600
1774006558173 1.0278184413909912 114400
1774006648041 1.0282624959945679 115200
1774006736450 1.0283621549606323 116000
1774006826429 1.0284600257873535 116800
1774006916598 1.0285323858261108 117600
1774007005183 1.0287553071975708 118400
1774007093759 1.0293313264846802 119200
1774007183262 1.0296430587768555 120000
1774007274459 1.0299705266952515 120800
1774007365105 1.029930591583252 121600
1774007460243 1.0296764373779297 122400
1774007561246 1.0299326181411743 123200
1774007659300 1.0301381349563599 124000
1774007755589 1.0303380489349365 124800
1774007853340 1.0300027132034302 125600
1774007951269 1.0299171209335327 126400
1774008047795 1.0300670862197876 127200
1774008143781 1.0301356315612793 128000
1774008242454 1.0300416946411133 128800
1774008340644 1.0298035144805908 129600
1774008437134 1.0297677516937256 130400
1774008535329 1.0299021005630493 131200
1774008638548 1.030218243598938 132000
1774008735090 1.0305052995681763 132800
1774008834661 1.030881404876709 133600
1774008933145 1.031394600868225 134400
1774009030591 1.0313374996185303 135200
1774009127567 1.0309511423110962 136000
1774009225172 1.0311464071273804 136800
1774009322286 1.0307143926620483 137600
1774009420940 1.0307191610336304 138400
1774009518273 1.0309501886367798 139200
1774009615475 1.0309826135635376 140000
1774009715390 1.031027913093567 140800
1774009815410 1.031125783920288 141600
1774009913294 1.0313963890075684 142400
1774010010715 1.0312738418579102 143200
1774010109989 1.031767725944519 144000
1774010212541 1.0316033363342285 144800
1774010309901 1.0313949584960938 145600
1774010407260 1.0309232473373413 146400
1774010509369 1.0309062004089355 147200
1774010611300 1.0309500694274902 148000
1774010713311 1.0311310291290283 148800
1774010818976 1.0311473608016968 149600
1774010925866 1.0309299230575562 150400
