1773993602796 -8.372060775756836 800
1773993699234 -7.317349433898926 1600
1773993793960 -6.790750503540039 2400
1773993891158 -5.542050361633301 3200
1773993983586 -5.353146553039551 4000
1773994077429 -4.088192939758301 4800
1773994174442 -3.8860340118408203 5600
1773994268346 -3.312544107437134 6400
1773994362285 -2.331956386566162 7200
1773994454604 -2.3745920658111572 8000
1773994542871 -2.7615957260131836 8800
1773994630737 -1.9061578512191772 9600
1773994717257 -2.0502073764801025 10400
1773994803949 -1.5765773057937622 11200
1773994891765 -1.5870709419250488 12000
1773994978456 -1.2956475019454956 12800
1773995064361 -1.5423121452331543 13600
1773995154597 -1.4613953828811646 14400
1773995244759 -1.4662280082702637 15200
1773995331409 -1.2303401231765747 16000
1773995418136 -0.32136809825897217 16800
1773995503468 -0.15665386617183685 17600
1773995590489 -0.18345223367214203 18400
1773995676145 -0.2847268581390381 19200
1773995761554 -0.26568591594696045 20000
1773995847002 -0.9704877734184265 20800
1773995934380 -0.44168931245803833 21600
1773996021549 -0.7218391299247742 22400
1773996111954 -0.710902988910675 23200
1773996197497 -0.5140506029129028 24000
1773996283296 -1.112209677696228 24800
1773996370904 -0.5780242681503296 25600
1773996458083 -0.6516728401184082 26400
1773996545665 -1.046272873878479 27200
1773996633155 -1.6073297262191772 28000
1773996721424 -1.116880178451538 28800
1773996806996 -0.547724187374115 29600
1773996894620 -0.573679506778717 30400
1773996982993 -0.7018444538116455 31200
1773997070479 -0.17082832753658295 32000
1773997156404 0.17677950859069824 32800
1773997243879 -0.19281145930290222 33600
1773997331672 -0.906734049320221 34400
1773997420299 -0.07525699585676193 35200
1773997507945 -0.917192280292511 36000
1773997595723 -0.2669824957847595 36800
1773997682156 -0.9476321935653687 37600
1773997773245 -2.099670886993408 38400
1773997863835 -1.7673922777175903 39200
1773997951626 -1.3010315895080566 40000
1773998039429 -1.141075611114502 40800
1773998130822 -1.4219682216644287 41600
1773998217083 -0.9382673501968384 42400
1773998305010 -1.257516860961914 43200
1773998393731 -0.9787009954452515 44000
1773998480061 -2.068176746368408 44800
1773998568133 -1.7748984098434448 45600
1773998657036 -1.1376243829727173 46400
1773998744816 -1.9357647895812988 47200
1773998840613 -0.7691358923912048 48000
1773998939313 -0.942566990852356 48800
1773999040628 -1.8170725107192993 49600
1773999134538 -1.7424371242523193 50400
1773999228134 -1.8821008205413818 51200
1773999323419 -1.5148283243179321 52000
1773999418757 -1.33585524559021 52800
1773999514153 -2.7601845264434814 53600
1773999608072 -1.8353012800216675 54400
1773999703556 -2.2924656867980957 55200
1773999799379 -1.3260552883148193 56000
1773999894862 -1.9572161436080933 56800
1773999991597 -1.9785652160644531 57600
1774000087595 -2.042548418045044 58400
1774000181551 -0.9788597822189331 59200
1774000275834 -2.357717275619507 60000
1774000371812 -2.4185545444488525 60800
1774000471056 -2.200371026992798 61600
1774000567107 -2.5761759281158447 62400
1774000661287 -2.8806469440460205 63200
1774000760398 -2.136697769165039 64000
1774000856618 -2.2483837604522705 64800
1774000953638 -2.7886147499084473 65600
1774001047876 -2.702913999557495 66400
1774001147241 -1.5387362241744995 67200
1774001241937 -1.460385799407959 68000
1774001337927 -1.7204245328903198 68800
1774001434847 -1.841735601425171 69600
1774001531222 -2.181070566177368 70400
1774001627366 -1.943477988243103 71200
1774001721873 -2.5488343238830566 72000
1774001818044 -2.76139760017395 72800
1774001914303 -3.3291101455688477 73600
1774002009156 -3.0520734786987305 74400
1774002108919 -2.7511603832244873 75200
1774002205437 -3.1090571880340576 76000
1774002302988 -3.1574602127075195 76800
1774002397689 -2.884098529815674 77600
1774002495276 -3.105177402496338 78400
1774002591705 -2.1794373989105225 79200
1774002689280 -2.817709445953369 80000
1774002789191 -2.791355848312378 80800
1774002883956 -2.0998337268829346 81600
1774002978282 -2.598754405975342 82400
1774003067190 -3.120929002761841 83200
1774003154475 -3.148857593536377 84000
1774003243605 -3.118008852005005 84800
1774003335839 -2.5853168964385986 85600
1774003423414 -2.8961546421051025 86400
1774003512436 -2.9570605754852295 87200
1774003599921 -2.5734121799468994 88000
1774003690233 -2.119391679763794 88800
1774003779697 -2.8049569129943848 89600
1774003872410 -2.0643930435180664 90400
1774003961783 -2.465170383453369 91200
1774004051143 -2.1936278343200684 92000
1774004140403 -2.2478156089782715 92800
1774004229903 -1.7658640146255493 93600
1774004319498 -2.480673313140869 94400
1774004408576 -2.1981148719787598 95200
1774004497862 -1.9940214157104492 96000
1774004588116 -2.7983133792877197 96800
1774004678271 -2.9074389934539795 97600
1774004768933 -3.3400912284851074 98400
1774004858451 -2.188952922821045 99200
1774004948793 -2.162659168243408 100000
1774005038539 -3.28637433052063 100800
1774005128351 -2.242112636566162 101600
1774005216229 -2.6056642532348633 102400
1774005306248 -3.168689489364624 103200
1774005394318 -3.2264516353607178 104000
1774005483879 -3.2474279403686523 104800
1774005573872 -2.9761431217193604 105600
1774005662054 -2.395840883255005 106400
1774005751490 -3.42141056060791 107200
1774005839606 -3.6578292846679688 108000
1774005932552 -2.319279670715332 108800
1774006022379 -2.8856563568115234 109600
1774006112246 -3.582134485244751 110400
1774006200498 -3.335437297821045 111200
1774006288812 -2.7189998626708984 112000
1774006377173 -3.8040268421173096 112800
1774006468061 -3.731887102127075 113600
1774006558173 -3.505425453186035 114400
1774006648041 -2.6852028369903564 115200
1774006736450 -2.3213999271392822 116000
1774006826429 -2.1252079010009766 116800
1774006916598 -3.504204273223877 117600
1774007005183 -2.6456100940704346 118400
1774007093759 -3.112745761871338 119200
1774007183262 -3.059278964996338 120000
1774007274459 -1.7229543924331665 120800
1774007365105 -1.9039855003356934 121600
1774007460243 -2.9396512508392334 122400
1774007561246 -3.776366949081421 123200
1774007659300 -3.990337371826172 124000
1774007755589 -3.54929256439209 124800
1774007853340 -3.078122615814209 125600
1774007951269 -2.6712656021118164 126400
1774008047795 -2.7782962322235107 127200
1774008143781 -3.600538492202759 128000
1774008242454 -3.4333505630493164 128800
1774008340644 -3.4084908962249756 129600
1774008437134 -2.603060007095337 130400
1774008535329 -2.6432723999023438 131200
1774008638548 -3.1069231033325195 132000
1774008735090 -2.2658777236938477 132800
1774008834661 -2.9959447383880615 133600
1774008933145 -2.280491828918457 134400
1774009030591 -3.6069047451019287 135200
1774009127567 -3.248082399368286 136000
1774009225172 -3.531066656112671 136800
1774009322286 -3.189391613006592 137600
1774009420940 -3.788613796234131 138400
1774009518273 -4.038075923919678 139200
1774009615475 -2.9591476917266846 140000
1774009715390 -3.070467472076416 140800
1774009815410 -2.9415063858032227 141600
1774009913294 -3.8687798976898193 142400
1774010010715 -3.2599549293518066 143200
1774010109989 -3.486947774887085 144000
1774010212541 -4.226998805999756 144800
1774010309901 -4.343320846557617 145600
1774010407260 -3.862588882446289 146400
1774010509369 -2.7453134059906006 147200
1774010611300 -3.7262823581695557 148000
1774010713311 -4.058165550231934 148800
1774010818976 -3.583885431289673 149600
1774010925866 -3.9192280769348145 150400
