1773993602796 0.9970811605453491 800
1773993699234 0.9969587326049805 1600
1773993793960 0.996829092502594 2400
1773993891158 0.9969601035118103 3200
1773993983586 0.996814489364624 4000
1773994077429 0.9968797564506531 4800
1773994174442 0.9966287612915039 5600
1773994268346 0.9965684413909912 6400
1773994362285 0.995949387550354 7200
1773994454604 0.995505690574646 8000
1773994542871 0.9949913024902344 8800
1773994630737 0.9948762655258179 9600
1773994717257 0.9942826628684998 10400
1773994803949 0.9937153458595276 11200
1773994891765 0.9932342767715454 12000
1773994978456 0.9924662709236145 12800
1773995064361 0.9921599626541138 13600
1773995154597 0.9913616180419922 14400
1773995244759 0.9910112023353577 15200
1773995331409 0.9904572367668152 16000
1773995418136 0.9904106259346008 16800
1773995503468 0.9898852705955505 17600
1773995590489 0.9897602796554565 18400
1773995676145 0.9893532991409302 19200
1773995761554 0.9887127876281738 20000
1773995847002 0.9888870716094971 20800
1773995934380 0.9885880351066589 21600
1773996021549 0.9879597425460815 22400
1773996111954 0.9873557686805725 23200
1773996197497 0.9872185587882996 24000
1773996283296 0.9867107272148132 24800
1773996370904 0.9860856533050537 25600
1773996458083 0.9856175184249878 26400
1773996545665 0.9848610758781433 27200
1773996633155 0.9846588969230652 28000
1773996721424 0.983902633190155 28800
1773996806996 0.9836355447769165 29600
1773996894620 0.9833431839942932 30400
1773996982993 0.9831408262252808 31200
1773997070479 0.9828953146934509 32000
1773997156404 0.982606828212738 32800
1773997243879 0.9825159311294556 33600
1773997331672 0.9824331402778625 34400
1773997420299 0.9814991354942322 35200
1773997507945 0.9812217950820923 36000
1773997595723 0.9807852506637573 36800
1773997682156 0.9804040789604187 37600
1773997773245 0.9802262783050537 38400
1773997863835 0.979396641254425 39200
1773997951626 0.9790627956390381 40000
1773998039429 0.978514552116394 40800
1773998130822 0.9782377481460571 41600
1773998217083 0.9780837297439575 42400
1773998305010 0.9771447777748108 43200
1773998393731 0.976402759552002 44000
1773998480061 0.9764372706413269 44800
1773998568133 0.9760575890541077 45600
1773998657036 0.975854754447937 46400
1773998744816 0.9757511019706726 47200
1773998840613 0.9750346541404724 48000
1773998939313 0.9753930568695068 48800
1773999040628 0.9750352501869202 49600
1773999134538 0.9747734665870667 50400
1773999228134 0.9739459753036499 51200
1773999323419 0.9737774133682251 52000
1773999418757 0.9735249876976013 52800
1773999514153 0.9731925129890442 53600
1773999608072 0.9731522798538208 54400
1773999703556 0.97271728515625 55200
1773999799379 0.9727467894554138 56000
1773999894862 0.9726200699806213 56800
1773999991597 0.9724529981613159 57600
1774000087595 0.971673846244812 58400
1774000181551 0.9711356163024902 59200
1774000275834 0.9709323048591614 60000
1774000371812 0.9705426692962646 60800
1774000471056 0.9702698588371277 61600
1774000567107 0.9700590372085571 62400
1774000661287 0.9699200987815857 63200
1774000760398 0.9696994423866272 64000
1774000856618 0.9692444801330566 64800
1774000953638 0.9690397381782532 65600
1774001047876 0.9688223600387573 66400
1774001147241 0.9685118794441223 67200
1774001241937 0.9682911038398743 68000
1774001337927 0.9682701230049133 68800
1774001434847 0.968311071395874 69600
1774001531222 0.9679211974143982 70400
1774001627366 0.9673412442207336 71200
1774001721873 0.9670762419700623 72000
1774001818044 0.9667465090751648 72800
1774001914303 0.9662888050079346 73600
1774002009156 0.9659534096717834 74400
1774002108919 0.9655359983444214 75200
1774002205437 0.9650840759277344 76000
1774002302988 0.9650558829307556 76800
1774002397689 0.9648152589797974 77600
1774002495276 0.9641708731651306 78400
1774002591705 0.9636630415916443 79200
1774002689280 0.9635192155838013 80000
1774002789191 0.9635652899742126 80800
1774002883956 0.9631597399711609 81600
1774002978282 0.9630714058876038 82400
1774003067190 0.9628328680992126 83200
1774003154475 0.9625658988952637 84000
1774003243605 0.9626216888427734 84800
1774003335839 0.962391197681427 85600
1774003423414 0.9624979496002197 86400
1774003512436 0.962263822555542 87200
1774003599921 0.9620382189750671 88000
1774003690233 0.9621982574462891 88800
1774003779697 0.9620330333709717 89600
1774003872410 0.9612343907356262 90400
1774003961783 0.9612078070640564 91200
1774004051143 0.9608548283576965 92000
1774004140403 0.9610994458198547 92800
1774004229903 0.9609349966049194 93600
1774004319498 0.9607959389686584 94400
1774004408576 0.9607062935829163 95200
1774004497862 0.960334062576294 96000
1774004588116 0.9599104523658752 96800
1774004678271 0.9594051241874695 97600
1774004768933 0.9591584801673889 98400
1774004858451 0.9585449695587158 99200
1774004948793 0.9587376117706299 100000
1774005038539 0.959189772605896 100800
1774005128351 0.9590897560119629 101600
1774005216229 0.9589335322380066 102400
1774005306248 0.9586236476898193 103200
1774005394318 0.958474338054657 104000
1774005483879 0.9582049250602722 104800
1774005573872 0.9577916860580444 105600
1774005662054 0.9574637413024902 106400
1774005751490 0.9572332501411438 107200
1774005839606 0.9569755792617798 108000
1774005932552 0.9567933678627014 108800
1774006022379 0.9562398791313171 109600
1774006112246 0.9556618928909302 110400
1774006200498 0.9556794762611389 111200
1774006288812 0.9554797410964966 112000
1774006377173 0.9551805257797241 112800
1774006468061 0.9551308155059814 113600
1774006558173 0.9552282094955444 114400
1774006648041 0.9552193284034729 115200
1774006736450 0.9551894664764404 116000
1774006826429 0.9552578926086426 116800
1774006916598 0.9551054239273071 117600
1774007005183 0.9550145268440247 118400
1774007093759 0.9548981785774231 119200
1774007183262 0.9542713761329651 120000
1774007274459 0.9542771577835083 120800
1774007365105 0.9540875554084778 121600
1774007460243 0.9536046385765076 122400
1774007561246 0.9529535174369812 123200
1774007659300 0.9524392485618591 124000
1774007755589 0.9522393941879272 124800
1774007853340 0.9516710042953491 125600
1774007951269 0.9514980316162109 126400
1774008047795 0.951519787311554 127200
1774008143781 0.9513005614280701 128000
1774008242454 0.9511435627937317 128800
1774008340644 0.95095294713974 129600
1774008437134 0.9508802890777588 130400
1774008535329 0.950817883014679 131200
1774008638548 0.950475811958313 132000
1774008735090 0.9498226046562195 132800
1774008834661 0.9495494365692139 133600
1774008933145 0.949224591255188 134400
1774009030591 0.9492269158363342 135200
1774009127567 0.9490007162094116 136000
1774009225172 0.9488481283187866 136800
1774009322286 0.9483473300933838 137600
1774009420940 0.9478897452354431 138400
1774009518273 0.948054850101471 139200
1774009615475 0.947504997253418 140000
1774009715390 0.9474143981933594 140800
1774009815410 0.9476112723350525 141600
1774009913294 0.9474050402641296 142400
1774010010715 0.947058379650116 143200
1774010109989 0.9462618827819824 144000
1774010212541 0.9459313154220581 144800
1774010309901 0.9456921815872192 145600
1774010407260 0.9453493356704712 146400
1774010509369 0.9449926018714905 147200
1774010611300 0.9444658160209656 148000
1774010713311 0.9441403746604919 148800
1774010818976 0.9442167282104492 149600
1774010925866 0.9435322880744934 150400
