1773993602796 0.998564600944519 800
1773993699234 0.9979436993598938 1600
1773993793960 0.9969044327735901 2400
1773993891158 0.9967092275619507 3200
1773993983586 0.9958256483078003 4000
1773994077429 0.9949069619178772 4800
1773994174442 0.994418740272522 5600
1773994268346 0.9934311509132385 6400
1773994362285 0.9926875829696655 7200
1773994454604 0.9911696910858154 8000
1773994542871 0.9903787970542908 8800
1773994630737 0.9895280003547668 9600
1773994717257 0.9886658191680908 10400
1773994803949 0.9881609082221985 11200
1773994891765 0.9875046610832214 12000
1773994978456 0.9873690009117126 12800
1773995064361 0.9865440130233765 13600
1773995154597 0.9859689474105835 14400
1773995244759 0.9857059717178345 15200
1773995331409 0.9853614568710327 16000
1773995418136 0.9850053191184998 16800
1773995503468 0.9839644432067871 17600
1773995590489 0.9836936593055725 18400
1773995676145 0.9832484126091003 19200
1773995761554 0.9827925562858582 20000
1773995847002 0.9825906753540039 20800
1773995934380 0.9826521277427673 21600
1773996021549 0.9825122356414795 22400
1773996111954 0.9821326732635498 23200
1773996197497 0.9819429516792297 24000
1773996283296 0.9817713499069214 24800
1773996370904 0.9815924763679504 25600
1773996458083 0.9809489846229553 26400
1773996545665 0.9803988337516785 27200
1773996633155 0.9799830317497253 28000
1773996721424 0.9794750809669495 28800
1773996806996 0.9790689945220947 29600
1773996894620 0.978426992893219 30400
1773996982993 0.9782248139381409 31200
1773997070479 0.9776448607444763 32000
1773997156404 0.9770181775093079 32800
1773997243879 0.9765267372131348 33600
1773997331672 0.9762415885925293 34400
1773997420299 0.9762802124023438 35200
1773997507945 0.975924551486969 36000
1773997595723 0.9759508371353149 36800
1773997682156 0.9757662415504456 37600
1773997773245 0.9753055572509766 38400
1773997863835 0.9750187397003174 39200
1773997951626 0.9747693538665771 40000
1773998039429 0.9745407104492188 40800
1773998130822 0.9743261933326721 41600
1773998217083 0.9741614460945129 42400
1773998305010 0.9734800457954407 43200
1773998393731 0.973197877407074 44000
1773998480061 0.973171591758728 44800
1773998568133 0.9727604985237122 45600
1773998657036 0.9728460907936096 46400
1773998744816 0.9725432991981506 47200
1773998840613 0.9722561836242676 48000
1773998939313 0.9719967842102051 48800
1773999040628 0.9715834856033325 49600
1773999134538 0.9715366959571838 50400
1773999228134 0.9713450074195862 51200
1773999323419 0.9708523750305176 52000
1773999418757 0.9705929160118103 52800
1773999514153 0.9700654745101929 53600
1773999608072 0.9697505831718445 54400
1773999703556 0.9693995118141174 55200
1773999799379 0.9688891768455505 56000
1773999894862 0.9687496423721313 56800
1773999991597 0.9685294032096863 57600
1774000087595 0.9679552316665649 58400
1774000181551 0.9678636193275452 59200
1774000275834 0.967513382434845 60000
1774000371812 0.967348039150238 60800
1774000471056 0.9669789671897888 61600
1774000567107 0.9667565822601318 62400
1774000661287 0.9664950966835022 63200
1774000760398 0.9661499261856079 64000
1774000856618 0.9654821753501892 64800
1774000953638 0.965322732925415 65600
1774001047876 0.9649988412857056 66400
1774001147241 0.9647318720817566 67200
1774001241937 0.9644003510475159 68000
1774001337927 0.9644457101821899 68800
1774001434847 0.963744580745697 69600
1774001531222 0.9632387161254883 70400
1774001627366 0.9628939032554626 71200
1774001721873 0.9624214172363281 72000
1774001818044 0.9625056982040405 72800
1774001914303 0.9620934128761292 73600
1774002009156 0.9616751670837402 74400
1774002108919 0.9612137675285339 75200
1774002205437 0.9608402252197266 76000
1774002302988 0.9607806205749512 76800
1774002397689 0.9605361223220825 77600
1774002495276 0.960043728351593 78400
1774002591705 0.9596349596977234 79200
1774002689280 0.9589632153511047 80000
1774002789191 0.9588825106620789 80800
1774002883956 0.9585477113723755 81600
1774002978282 0.9580761194229126 82400
1774003067190 0.9578249454498291 83200
1774003154475 0.9576779007911682 84000
1774003243605 0.957508385181427 84800
1774003335839 0.9572828412055969 85600
1774003423414 0.9569783806800842 86400
1774003512436 0.9565258622169495 87200
1774003599921 0.956544041633606 88000
1774003690233 0.9562942385673523 88800
1774003779697 0.9560844302177429 89600
1774003872410 0.9560523629188538 90400
1774003961783 0.9560529589653015 91200
1774004051143 0.9557728171348572 92000
1774004140403 0.9559021592140198 92800
1774004229903 0.9558147192001343 93600
1774004319498 0.9552667140960693 94400
1774004408576 0.9550783038139343 95200
1774004497862 0.954993724822998 96000
1774004588116 0.9547579288482666 96800
1774004678271 0.9547220468521118 97600
1774004768933 0.9544001817703247 98400
1774004858451 0.9543430209159851 99200
1774004948793 0.9537336826324463 100000
1774005038539 0.9533143043518066 100800
1774005128351 0.9533179402351379 101600
1774005216229 0.9530646204948425 102400
1774005306248 0.9530452489852905 103200
1774005394318 0.9530869722366333 104000
1774005483879 0.9531807899475098 104800
1774005573872 0.9526188373565674 105600
1774005662054 0.952518105506897 106400
1774005751490 0.9522537589073181 107200
1774005839606 0.9519878029823303 108000
1774005932552 0.9521026611328125 108800
1774006022379 0.9517924785614014 109600
1774006112246 0.9512195587158203 110400
1774006200498 0.9510728120803833 111200
1774006288812 0.9506033658981323 112000
1774006377173 0.9500012397766113 112800
1774006468061 0.9495885968208313 113600
1774006558173 0.9496045112609863 114400
1774006648041 0.949337899684906 115200
1774006736450 0.9490920305252075 116000
1774006826429 0.9488077759742737 116800
1774006916598 0.948266327381134 117600
1774007005183 0.9480208158493042 118400
1774007093759 0.9477931261062622 119200
1774007183262 0.9475211501121521 120000
1774007274459 0.947357714176178 120800
1774007365105 0.9471067190170288 121600
1774007460243 0.9467605948448181 122400
1774007561246 0.9462849497795105 123200
1774007659300 0.9461462497711182 124000
1774007755589 0.9458112120628357 124800
1774007853340 0.9456822872161865 125600
1774007951269 0.9456343054771423 126400
1774008047795 0.9458171129226685 127200
1774008143781 0.9454824924468994 128000
1774008242454 0.9452852606773376 128800
1774008340644 0.9453297853469849 129600
1774008437134 0.9453059434890747 130400
1774008535329 0.9449528455734253 131200
1774008638548 0.9445918798446655 132000
1774008735090 0.9443148970603943 132800
1774008834661 0.944316565990448 133600
1774008933145 0.943872332572937 134400
1774009030591 0.9437885880470276 135200
1774009127567 0.9437984824180603 136000
1774009225172 0.9433996081352234 136800
1774009322286 0.9433355927467346 137600
1774009420940 0.9430361390113831 138400
1774009518273 0.9427381753921509 139200
1774009615475 0.9426948428153992 140000
1774009715390 0.9426959156990051 140800
1774009815410 0.9424413442611694 141600
1774009913294 0.9423840045928955 142400
1774010010715 0.9423984885215759 143200
1774010109989 0.9420946836471558 144000
1774010212541 0.9417984485626221 144800
1774010309901 0.9414932727813721 145600
1774010407260 0.9413003325462341 146400
1774010509369 0.9410685300827026 147200
1774010611300 0.9409281015396118 148000
1774010713311 0.9406075477600098 148800
1774010818976 0.9404394626617432 149600
1774010925866 0.940518319606781 150400
