1773993602796 13.488492369651794 800
1773993699234 13.391919434070587 1600
1773993793960 13.33753913640976 2400
1773993891158 13.351038098335266 3200
1773993983586 13.341525197029114 4000
1773994077429 13.453644514083862 4800
1773994174442 13.478410243988037 5600
1773994268346 13.537068665027618 6400
1773994362285 13.674046099185944 7200
1773994454604 13.648642599582672 8000
1773994542871 13.603930175304413 8800
1773994630737 13.73949944972992 9600
1773994717257 13.721917569637299 10400
1773994803949 13.787676393985748 11200
1773994891765 13.812288641929626 12000
1773994978456 13.858585059642792 12800
1773995064361 13.811370730400085 13600
1773995154597 13.815741240978241 14400
1773995244759 13.810040056705475 15200
1773995331409 13.830499351024628 16000
1773995418136 13.988630473613739 16800
1773995503468 14.019158482551575 17600
1773995590489 14.009332656860352 18400
1773995676145 13.998667895793915 19200
1773995761554 14.00541216135025 20000
1773995847002 13.874784111976624 20800
1773995934380 13.94951194524765 21600
1773996021549 13.899511098861694 22400
1773996111954 13.900963962078094 23200
1773996197497 13.942687213420868 24000
1773996283296 13.848474621772766 24800
1773996370904 13.927814364433289 25600
1773996458083 13.91705721616745 26400
1773996545665 13.866879045963287 27200
1773996633155 13.799118995666504 28000
1773996721424 13.868658244609833 28800
1773996806996 13.951963186264038 29600
1773996894620 13.957497477531433 30400
1773996982993 13.938108086585999 31200
1773997070479 14.022046327590942 32000
1773997156404 14.092965424060822 32800
1773997243879 14.03333693742752 33600
1773997331672 13.928639888763428 34400
1773997420299 14.024810492992401 35200
1773997507945 13.90521377325058 36000
1773997595723 13.989399373531342 36800
1773997682156 13.896352052688599 37600
1773997773245 13.752742111682892 38400
1773997863835 13.791507482528687 39200
1773997951626 13.842812180519104 40000
1773998039429 13.877525925636292 40800
1773998130822 13.844425976276398 41600
1773998217083 13.883155584335327 42400
1773998305010 13.851267099380493 43200
1773998393731 13.893257081508636 44000
1773998480061 13.780477643013 44800
1773998568133 13.805364072322845 45600
1773998657036 13.850688934326172 46400
1773998744816 13.78098726272583 47200
1773998840613 13.908106088638306 48000
1773998939313 13.89259546995163 48800
1773999040628 13.805121183395386 49600
1773999134538 13.825991749763489 50400
1773999228134 13.807225227355957 51200
1773999323419 13.842535018920898 52000
1773999418757 13.85672390460968 52800
1773999514153 13.720373809337616 53600
1773999608072 13.809224963188171 54400
1773999703556 13.758242130279541 55200
1773999799379 13.8510063290596 56000
1773999894862 13.801740109920502 56800
1773999991597 13.800133764743805 57600
1774000087595 13.801123201847076 58400
1774000181551 13.896138966083527 59200
1774000275834 13.760313391685486 60000
1774000371812 13.766497373580933 60800
1774000471056 13.777375221252441 61600
1774000567107 13.726603984832764 62400
1774000661287 13.699957728385925 63200
1774000760398 13.772614300251007 64000
1774000856618 13.777284324169159 64800
1774000953638 13.729655742645264 65600
1774001047876 13.737541437149048 66400
1774001147241 13.85599672794342 67200
1774001241937 13.882996141910553 68000
1774001337927 13.854250311851501 68800
1774001434847 13.847191631793976 69600
1774001531222 13.81736844778061 70400
1774001627366 13.835184276103973 71200
1774001721873 13.78955990076065 72000
1774001818044 13.744613528251648 72800
1774001914303 13.696913421154022 73600
1774002009156 13.6991947889328 74400
1774002108919 13.742588460445404 75200
1774002205437 13.723567128181458 76000
1774002302988 13.698576390743256 76800
1774002397689 13.729386031627655 77600
1774002495276 13.720184564590454 78400
1774002591705 13.800466060638428 79200
1774002689280 13.772229850292206 80000
1774002789191 13.762958347797394 80800
1774002883956 13.822780549526215 81600
1774002978282 13.783496618270874 82400
1774003067190 13.747954368591309 83200
1774003154475 13.720276951789856 84000
1774003243605 13.72000128030777 84800
1774003335839 13.759568333625793 85600
1774003423414 13.739432394504547 86400
1774003512436 13.762308657169342 87200
1774003599921 13.775607943534851 88000
1774003690233 13.844433426856995 88800
1774003779697 13.792535662651062 89600
1774003872410 13.857243955135345 90400
1774003961783 13.824686408042908 91200
1774004051143 13.847288489341736 92000
1774004140403 13.82906287908554 92800
1774004229903 13.869588077068329 93600
1774004319498 13.821613788604736 94400
1774004408576 13.843056559562683 95200
1774004497862 13.854201138019562 96000
1774004588116 13.801422715187073 96800
1774004678271 13.787557184696198 97600
1774004768933 13.784289360046387 98400
1774004858451 13.841721415519714 99200
1774004948793 13.852477073669434 100000
1774005038539 13.791875541210175 100800
1774005128351 13.834075629711151 101600
1774005216229 13.820652663707733 102400
1774005306248 13.777250051498413 103200
1774005394318 13.76320868730545 104000
1774005483879 13.757790625095367 104800
1774005573872 13.793276250362396 105600
1774005662054 13.826128840446472 106400
1774005751490 13.76296728849411 107200
1774005839606 13.762982189655304 108000
1774005932552 13.832828402519226 108800
1774006022379 13.808126747608185 109600
1774006112246 13.774891197681427 110400
1774006200498 13.793595135211945 111200
1774006288812 13.839520514011383 112000
1774006377173 13.817410171031952 112800
1774006468061 13.817283511161804 113600
1774006558173 13.805568218231201 114400
1774006648041 13.834723830223083 115200
1774006736450 13.858987390995026 116000
1774006826429 13.87525200843811 116800
1774006916598 13.819369673728943 117600
1774007005183 13.85161429643631 118400
1774007093759 13.796812295913696 119200
1774007183262 13.81501704454422 120000
1774007274459 13.928711414337158 120800
1774007365105 13.908283412456512 121600
1774007460243 13.838635385036469 122400
1774007561246 13.79450112581253 123200
1774007659300 13.792741298675537 124000
1774007755589 13.807697594165802 124800
1774007853340 13.826094567775726 125600
1774007951269 13.855241239070892 126400
1774008047795 13.846437633037567 127200
1774008143781 13.81446123123169 128000
1774008242454 13.827691972255707 128800
1774008340644 13.821212947368622 129600
1774008437134 13.855551183223724 130400
1774008535329 13.852830231189728 131200
1774008638548 13.847526907920837 132000
1774008735090 13.899797201156616 132800
1774008834661 13.87040764093399 133600
1774008933145 13.918410241603851 134400
1774009030591 13.844840228557587 135200
1774009127567 13.861548900604248 136000
1774009225172 13.8630211353302 136800
1774009322286 13.87828141450882 137600
1774009420940 13.864338397979736 138400
1774009518273 13.857373595237732 139200
1774009615475 13.893969357013702 140000
1774009715390 13.857030868530273 140800
1774009815410 13.873475790023804 141600
1774009913294 13.864412903785706 142400
1774010010715 13.86905163526535 143200
1774010109989 13.887779414653778 144000
1774010212541 13.88648897409439 144800
1774010309901 13.882888853549957 145600
1774010407260 13.865253329277039 146400
1774010509369 13.91901969909668 147200
1774010611300 13.882437348365784 148000
1774010713311 13.894714415073395 148800
1774010818976 13.912972807884216 149600
1774010925866 13.882547616958618 150400
