1773993602796 0.0031483129132539034 800
1773993699234 0.0027338899672031403 1600
1773993793960 0.0018690142314881086 2400
1773993891158 0.0011475206119939685 3200
1773993983586 0.00034083149512298405 4000
1773994077429 -0.0005230738897807896 4800
1773994174442 -0.0010507276747375727 5600
1773994268346 -0.0016991348238661885 6400
1773994362285 -0.0024249034468084574 7200
1773994454604 -0.003295914037153125 8000
1773994542871 -0.004144495818763971 8800
1773994630737 -0.00534482067450881 9600
1773994717257 -0.006278998218476772 10400
1773994803949 -0.0069257100112736225 11200
1773994891765 -0.007869379594922066 12000
1773994978456 -0.008795399218797684 12800
1773995064361 -0.009634844027459621 13600
1773995154597 -0.01065021101385355 14400
1773995244759 -0.011262733489274979 15200
1773995331409 -0.012073038145899773 16000
1773995418136 -0.01274970080703497 16800
1773995503468 -0.013453343883156776 17600
1773995590489 -0.014024646021425724 18400
1773995676145 -0.014406981877982616 19200
1773995761554 -0.015401925891637802 20000
1773995847002 -0.015508064068853855 20800
1773995934380 -0.01607578620314598 21600
1773996021549 -0.01700902357697487 22400
1773996111954 -0.017493635416030884 23200
1773996197497 -0.018297025933861732 24000
1773996283296 -0.018974866718053818 24800
1773996370904 -0.019617754966020584 25600
1773996458083 -0.02036936581134796 26400
1773996545665 -0.02127111703157425 27200
1773996633155 -0.02180355414748192 28000
1773996721424 -0.022547205910086632 28800
1773996806996 -0.02279728092253208 29600
1773996894620 -0.02327502891421318 30400
1773996982993 -0.02341442182660103 31200
1773997070479 -0.02391340397298336 32000
1773997156404 -0.024643482640385628 32800
1773997243879 -0.024927863851189613 33600
1773997331672 -0.025155670940876007 34400
1773997420299 -0.025959644466638565 35200
1773997507945 -0.02633289247751236 36000
1773997595723 -0.026842446997761726 36800
1773997682156 -0.027339788153767586 37600
1773997773245 -0.027543537318706512 38400
1773997863835 -0.028295012190937996 39200
1773997951626 -0.028662726283073425 40000
1773998039429 -0.029060574248433113 40800
1773998130822 -0.029243730008602142 41600
1773998217083 -0.029555585235357285 42400
1773998305010 -0.030484186485409737 43200
1773998393731 -0.03130488470196724 44000
1773998480061 -0.031228365376591682 44800
1773998568133 -0.03169122710824013 45600
1773998657036 -0.03202226758003235 46400
1773998744816 -0.03208128362894058 47200
1773998840613 -0.032792288810014725 48000
1773998939313 -0.03275825455784798 48800
1773999040628 -0.03327946737408638 49600
1773999134538 -0.033440157771110535 50400
1773999228134 -0.034084685146808624 51200
1773999323419 -0.03431205451488495 52000
1773999418757 -0.03441954031586647 52800
1773999514153 -0.03464430198073387 53600
1773999608072 -0.03483286127448082 54400
1773999703556 -0.035076241940259933 55200
1773999799379 -0.035343922674655914 56000
1773999894862 -0.03549409657716751 56800
1773999991597 -0.03574466332793236 57600
1774000087595 -0.03631310164928436 58400
1774000181551 -0.03711972385644913 59200
1774000275834 -0.03718402236700058 60000
1774000371812 -0.03743899613618851 60800
1774000471056 -0.037786174565553665 61600
1774000567107 -0.03798188641667366 62400
1774000661287 -0.038272250443696976 63200
1774000760398 -0.038413651287555695 64000
1774000856618 -0.038613900542259216 64800
1774000953638 -0.03879939019680023 65600
1774001047876 -0.03890421614050865 66400
1774001147241 -0.03933558240532875 67200
1774001241937 -0.03952693194150925 68000
1774001337927 -0.039601534605026245 68800
1774001434847 -0.03973669558763504 69600
1774001531222 -0.04014185070991516 70400
1774001627366 -0.04071182757616043 71200
1774001721873 -0.040968529880046844 72000
1774001818044 -0.041340187191963196 72800
1774001914303 -0.04155886545777321 73600
1774002009156 -0.042028624564409256 74400
1774002108919 -0.04246487095952034 75200
1774002205437 -0.04275715351104736 76000
1774002302988 -0.04290486127138138 76800
1774002397689 -0.0431382954120636 77600
1774002495276 -0.04358198866248131 78400
1774002591705 -0.043807532638311386 79200
1774002689280 -0.04385716840624809 80000
1774002789191 -0.04384918138384819 80800
1774002883956 -0.04414263367652893 81600
1774002978282 -0.044117845594882965 82400
1774003067190 -0.044109515845775604 83200
1774003154475 -0.04440746083855629 84000
1774003243605 -0.04441725090146065 84800
1774003335839 -0.044524770230054855 85600
1774003423414 -0.044533442705869675 86400
1774003512436 -0.04455933719873428 87200
1774003599921 -0.04495011270046234 88000
1774003690233 -0.04488909989595413 88800
1774003779697 -0.04494410380721092 89600
1774003872410 -0.04545675590634346 90400
1774003961783 -0.0454123318195343 91200
1774004051143 -0.045740604400634766 92000
1774004140403 -0.04555220901966095 92800
1774004229903 -0.04563967511057854 93600
1774004319498 -0.0457783080637455 94400
1774004408576 -0.0458579920232296 95200
1774004497862 -0.0461408793926239 96000
1774004588116 -0.04648842662572861 96800
1774004678271 -0.04682697355747223 97600
1774004768933 -0.046926118433475494 98400
1774004858451 -0.0475170761346817 99200
1774004948793 -0.047220099717378616 100000
1774005038539 -0.04706026613712311 100800
1774005128351 -0.04740738868713379 101600
1774005216229 -0.04737933725118637 102400
1774005306248 -0.04745958745479584 103200
1774005394318 -0.04762684926390648 104000
1774005483879 -0.047714561223983765 104800
1774005573872 -0.047857947647571564 105600
1774005662054 -0.048128530383110046 106400
1774005751490 -0.048123326152563095 107200
1774005839606 -0.04835476353764534 108000
1774005932552 -0.048785679042339325 108800
1774006022379 -0.049096401780843735 109600
1774006112246 -0.04954830929636955 110400
1774006200498 -0.0494253933429718 111200
1774006288812 -0.04971573129296303 112000
1774006377173 -0.04986967518925667 112800
1774006468061 -0.04976685717701912 113600
1774006558173 -0.04994561895728111 114400
1774006648041 -0.05002991110086441 115200
1774006736450 -0.049919337034225464 116000
1774006826429 -0.04995245859026909 116800
1774006916598 -0.04993819817900658 117600
1774007005183 -0.0500851646065712 118400
1774007093759 -0.0501091368496418 119200
1774007183262 -0.05050880089402199 120000
1774007274459 -0.05027344450354576 120800
1774007365105 -0.050408490002155304 121600
1774007460243 -0.050561025738716125 122400
1774007561246 -0.05082062631845474 123200
1774007659300 -0.05105612426996231 124000
1774007755589 -0.05104273557662964 124800
1774007853340 -0.051341813057661057 125600
1774007951269 -0.051502957940101624 126400
1774008047795 -0.05145317316055298 127200
1774008143781 -0.05160771682858467 128000
1774008242454 -0.05179858207702637 128800
1774008340644 -0.05168828368186951 129600
1774008437134 -0.051711421459913254 130400
1774008535329 -0.051551204174757004 131200
1774008638548 -0.05190807208418846 132000
1774008735090 -0.052313484251499176 132800
1774008834661 -0.0524788498878479 133600
1774008933145 -0.052601657807826996 134400
1774009030591 -0.052726324647665024 135200
1774009127567 -0.05284913256764412 136000
1774009225172 -0.05285238102078438 136800
1774009322286 -0.05309446528553963 137600
1774009420940 -0.05331072956323624 138400
1774009518273 -0.05327819287776947 139200
1774009615475 -0.05350910499691963 140000
1774009715390 -0.05361819639801979 140800
1774009815410 -0.05335729569196701 141600
1774009913294 -0.053215403109788895 142400
1774010010715 -0.05351845175027847 143200
1774010109989 -0.05403492599725723 144000
1774010212541 -0.05389491096138954 144800
1774010309901 -0.05369126796722412 145600
1774010407260 -0.05404752865433693 146400
1774010509369 -0.05421057343482971 147200
1774010611300 -0.054705142974853516 148000
1774010713311 -0.05461902916431427 148800
1774010818976 -0.05462264642119408 149600
1774010925866 -0.05525275319814682 150400
