1773993602796 0.003595788963139057 800
1773993699234 0.003035253379493952 1600
1773993793960 0.0022067767567932606 2400
1773993891158 0.001639535534195602 3200
1773993983586 0.0008178402204066515 4000
1773994077429 0.00037435596459545195 4800
1773994174442 8.605411858297884e-05 5600
1773994268346 -0.00013789511285722256 6400
1773994362285 -0.000144264311529696 7200
1773994454604 -4.132908725296147e-05 8000
1773994542871 2.743476943578571e-05 8800
1773994630737 -0.00018538269796408713 9600
1773994717257 -5.3542112254945096e-06 10400
1773994803949 0.00031994987512007356 11200
1773994891765 0.000361732323653996 12000
1773994978456 0.0008169401553459466 12800
1773995064361 0.0009511436219327152 13600
1773995154597 0.0011806593975052238 14400
1773995244759 0.0014236067654564977 15200
1773995331409 0.0017103328136727214 16000
1773995418136 0.001728600705973804 16800
1773995503468 0.002049274044111371 17600
1773995590489 0.0019791978411376476 18400
1773995676145 0.0022954081650823355 19200
1773995761554 0.002744570840150118 20000
1773995847002 0.0027230815030634403 20800
1773995934380 0.0031656059436500072 21600
1773996021549 0.0033861726988106966 22400
1773996111954 0.0036208133678883314 23200
1773996197497 0.0035616010427474976 24000
1773996283296 0.0035631926730275154 24800
1773996370904 0.003848453052341938 25600
1773996458083 0.004063141066581011 26400
1773996545665 0.004333231598138809 27200
1773996633155 0.004520732443779707 28000
1773996721424 0.004609372932463884 28800
1773996806996 0.004699981305748224 29600
1773996894620 0.00482273381203413 30400
1773996982993 0.004955101292580366 31200
1773997070479 0.005054496694356203 32000
1773997156404 0.005154521204531193 32800
1773997243879 0.005011507775634527 33600
1773997331672 0.0049932003021240234 34400
1773997420299 0.005388681311160326 35200
1773997507945 0.005629837512969971 36000
1773997595723 0.005938974674791098 36800
1773997682156 0.006073674187064171 37600
1773997773245 0.006158655043691397 38400
1773997863835 0.006321934517472982 39200
1773997951626 0.006483810488134623 40000
1773998039429 0.00658484548330307 40800
1773998130822 0.006589594297111034 41600
1773998217083 0.006813019514083862 42400
1773998305010 0.006789672654122114 43200
1773998393731 0.007050844840705395 44000
1773998480061 0.00685035390779376 44800
1773998568133 0.007160595618188381 45600
1773998657036 0.007590591441839933 46400
1773998744816 0.00750937033444643 47200
1773998840613 0.00771756749600172 48000
1773998939313 0.007629401981830597 48800
1773999040628 0.007793034892529249 49600
1773999134538 0.00783535372465849 50400
1773999228134 0.008140032179653645 51200
1773999323419 0.008361101150512695 52000
1773999418757 0.008492489345371723 52800
1773999514153 0.008587042801082134 53600
1773999608072 0.008820704184472561 54400
1773999703556 0.00892818346619606 55200
1773999799379 0.009100297465920448 56000
1773999894862 0.009134316816926003 56800
1773999991597 0.009173547849059105 57600
1774000087595 0.00927175022661686 58400
1774000181551 0.009554999880492687 59200
1774000275834 0.009598837234079838 60000
1774000371812 0.009672030806541443 60800
1774000471056 0.010054330341517925 61600
1774000567107 0.010410492308437824 62400
1774000661287 0.01040042843669653 63200
1774000760398 0.010551868006587029 64000
1774000856618 0.010470564477145672 64800
1774000953638 0.010525723919272423 65600
1774001047876 0.010662214830517769 66400
1774001147241 0.010733981616795063 67200
1774001241937 0.010614088736474514 68000
1774001337927 0.01069717202335596 68800
1774001434847 0.010890171863138676 69600
1774001531222 0.011170715093612671 70400
1774001627366 0.011312581598758698 71200
1774001721873 0.011401950381696224 72000
1774001818044 0.011718427762389183 72800
1774001914303 0.011781647801399231 73600
1774002009156 0.012070504017174244 74400
1774002108919 0.01213762629777193 75200
1774002205437 0.012208187021315098 76000
1774002302988 0.012393658049404621 76800
1774002397689 0.01246820017695427 77600
1774002495276 0.012487987987697124 78400
1774002591705 0.012560738250613213 79200
1774002689280 0.012450079433619976 80000
1774002789191 0.012564820237457752 80800
1774002883956 0.012787862680852413 81600
1774002978282 0.012612088583409786 82400
1774003067190 0.012562483549118042 83200
1774003154475 0.01287147868424654 84000
1774003243605 0.012907206080853939 84800
1774003335839 0.012889665551483631 85600
1774003423414 0.01296890340745449 86400
1774003512436 0.012874830514192581 87200
1774003599921 0.01323338970541954 88000
1774003690233 0.013055446557700634 88800
1774003779697 0.013143308460712433 89600
1774003872410 0.013162659481167793 90400
1774003961783 0.013191924430429935 91200
1774004051143 0.01330670528113842 92000
1774004140403 0.013423389755189419 92800
1774004229903 0.013439236208796501 93600
1774004319498 0.013363935984671116 94400
1774004408576 0.013418277725577354 95200
1774004497862 0.013770794495940208 96000
1774004588116 0.01380710955709219 96800
1774004678271 0.01407499797642231 97600
1774004768933 0.014031159691512585 98400
1774004858451 0.014475341886281967 99200
1774004948793 0.01417827233672142 100000
1774005038539 0.014053432270884514 100800
1774005128351 0.014518903568387032 101600
1774005216229 0.014433247968554497 102400
1774005306248 0.014563966542482376 103200
1774005394318 0.014644727110862732 104000
1774005483879 0.014727557078003883 104800
1774005573872 0.014789492823183537 105600
1774005662054 0.015020258724689484 106400
1774005751490 0.014875203371047974 107200
1774005839606 0.01491876132786274 108000
1774005932552 0.015206588432192802 108800
1774006022379 0.015218211337924004 109600
1774006112246 0.015428276732563972 110400
1774006200498 0.015317545272409916 111200
1774006288812 0.015463241375982761 112000
1774006377173 0.015432414598762989 112800
1774006468061 0.01543883141130209 113600
1774006558173 0.015863478183746338 114400
1774006648041 0.016016367822885513 115200
1774006736450 0.015781456604599953 116000
1774006826429 0.015922321006655693 116800
1774006916598 0.015720270574092865 117600
1774007005183 0.016066165640950203 118400
1774007093759 0.016253197565674782 119200
1774007183262 0.01631920412182808 120000
1774007274459 0.01609470136463642 120800
1774007365105 0.016298973932862282 121600
1774007460243 0.016497116535902023 122400
1774007561246 0.0166449137032032 123200
1774007659300 0.016615698114037514 124000
1774007755589 0.01638789288699627 124800
1774007853340 0.016526075080037117 125600
1774007951269 0.01659308560192585 126400
1774008047795 0.016700776293873787 127200
1774008143781 0.016844727098941803 128000
1774008242454 0.016838669776916504 128800
1774008340644 0.01667964830994606 129600
1774008437134 0.016804467886686325 130400
1774008535329 0.01682712510228157 131200
1774008638548 0.016807302832603455 132000
1774008735090 0.016948571428656578 132800
1774008834661 0.016973327845335007 133600
1774008933145 0.016792837530374527 134400
1774009030591 0.016924506053328514 135200
1774009127567 0.017094170674681664 136000
1774009225172 0.017017202451825142 136800
1774009322286 0.017178112640976906 137600
1774009420940 0.017224863171577454 138400
1774009518273 0.0173651035875082 139200
1774009615475 0.01758659817278385 140000
1774009715390 0.017793133854866028 140800
1774009815410 0.017680497840046883 141600
1774009913294 0.017625320702791214 142400
1774010010715 0.01790703274309635 143200
1774010109989 0.018138574436306953 144000
1774010212541 0.017907317727804184 144800
1774010309901 0.017766200006008148 145600
1774010407260 0.018151449039578438 146400
1774010509369 0.01821267418563366 147200
1774010611300 0.018352428451180458 148000
1774010713311 0.018175361678004265 148800
1774010818976 0.018179183825850487 149600
1774010925866 0.01861497387290001 150400
