1773993602796 -0.0031867418438196182 800
1773993699234 -0.003889459418132901 1600
1773993793960 -0.00428709527477622 2400
1773993891158 -0.004549551289528608 3200
1773993983586 -0.004393805284053087 4000
1773994077429 -0.004556581377983093 4800
1773994174442 -0.00476066954433918 5600
1773994268346 -0.004610988777130842 6400
1773994362285 -0.004902195651084185 7200
1773994454604 -0.0049440511502325535 8000
1773994542871 -0.00506230816245079 8800
1773994630737 -0.00496059563010931 9600
1773994717257 -0.005271827336400747 10400
1773994803949 -0.005486822221428156 11200
1773994891765 -0.005750647746026516 12000
1773994978456 -0.005858757067471743 12800
1773995064361 -0.005586927756667137 13600
1773995154597 -0.005564406048506498 14400
1773995244759 -0.0051836296916007996 15200
1773995331409 -0.004906312562525272 16000
1773995418136 -0.004680982790887356 16800
1773995503468 -0.005220919381827116 17600
1773995590489 -0.004649642389267683 18400
1773995676145 -0.005124646704643965 19200
1773995761554 -0.005237481091171503 20000
1773995847002 -0.005264940205961466 20800
1773995934380 -0.0047478522174060345 21600
1773996021549 -0.004463727120310068 22400
1773996111954 -0.004831577651202679 23200
1773996197497 -0.0050998348742723465 24000
1773996283296 -0.005397690460085869 24800
1773996370904 -0.005667338613420725 25600
1773996458083 -0.005827347282320261 26400
1773996545665 -0.006382092833518982 27200
1773996633155 -0.006297617219388485 28000
1773996721424 -0.006688386667519808 28800
1773996806996 -0.006672809366136789 29600
1773996894620 -0.007017646450549364 30400
1773996982993 -0.007091891951858997 31200
1773997070479 -0.006913704797625542 32000
1773997156404 -0.007239977363497019 32800
1773997243879 -0.0072916364297270775 33600
1773997331672 -0.007248298730701208 34400
1773997420299 -0.007222920190542936 35200
1773997507945 -0.007057913579046726 36000
1773997595723 -0.006828180979937315 36800
1773997682156 -0.007224906235933304 37600
1773997773245 -0.007519249338656664 38400
1773997863835 -0.007678554859012365 39200
1773997951626 -0.007822434417903423 40000
1773998039429 -0.00821802020072937 40800
1773998130822 -0.008278335444629192 41600
1773998217083 -0.008142231032252312 42400
1773998305010 -0.008197421208024025 43200
1773998393731 -0.008572429418563843 44000
1773998480061 -0.00823174137622118 44800
1773998568133 -0.008236114867031574 45600
1773998657036 -0.008248633705079556 46400
1773998744816 -0.007987325079739094 47200
1773998840613 -0.008406250737607479 48000
1773998939313 -0.008316037245094776 48800
1773999040628 -0.008087272755801678 49600
1773999134538 -0.008472094312310219 50400
1773999228134 -0.008590315468609333 51200
1773999323419 -0.009509599767625332 52000
1773999418757 -0.009290767833590508 52800
1773999514153 -0.009312819689512253 53600
1773999608072 -0.009689178317785263 54400
1773999703556 -0.00980974081903696 55200
1773999799379 -0.010005132295191288 56000
1773999894862 -0.010089956223964691 56800
1773999991597 -0.009692433290183544 57600
1774000087595 -0.00982583872973919 58400
1774000181551 -0.009695053100585938 59200
1774000275834 -0.009691981598734856 60000
1774000371812 -0.010022765025496483 60800
1774000471056 -0.009851089678704739 61600
1774000567107 -0.009719250723719597 62400
1774000661287 -0.009364103898406029 63200
1774000760398 -0.009858313947916031 64000
1774000856618 -0.009814424440264702 64800
1774000953638 -0.010226423852145672 65600
1774001047876 -0.0100491838529706 66400
1774001147241 -0.010327590629458427 67200
1774001241937 -0.01018329057842493 68000
1774001337927 -0.01018612738698721 68800
1774001434847 -0.010203739628195763 69600
1774001531222 -0.010685067623853683 70400
1774001627366 -0.010807241313159466 71200
1774001721873 -0.011051739566028118 72000
1774001818044 -0.01045589055866003 72800
1774001914303 -0.010298866778612137 73600
1774002009156 -0.01043636817485094 74400
1774002108919 -0.010742733255028725 75200
1774002205437 -0.011265721172094345 76000
1774002302988 -0.010944531299173832 76800
1774002397689 -0.01064982544630766 77600
1774002495276 -0.010646774433553219 78400
1774002591705 -0.01092403382062912 79200
1774002689280 -0.01145282480865717 80000
1774002789191 -0.011556816287338734 80800
1774002883956 -0.011987141333520412 81600
1774002978282 -0.011728360317647457 82400
1774003067190 -0.01173529401421547 83200
1774003154475 -0.011544338427484035 84000
1774003243605 -0.011494440957903862 84800
1774003335839 -0.011248381808400154 85600
1774003423414 -0.011471496894955635 86400
1774003512436 -0.01196760032325983 87200
1774003599921 -0.011880665086209774 88000
1774003690233 -0.012333298102021217 88800
1774003779697 -0.012334632687270641 89600
1774003872410 -0.012614485807716846 90400
1774003961783 -0.01272848155349493 91200
1774004051143 -0.013061200268566608 92000
1774004140403 -0.012986777350306511 92800
1774004229903 -0.012954638339579105 93600
1774004319498 -0.013518351130187511 94400
1774004408576 -0.013496169820427895 95200
1774004497862 -0.013746869750320911 96000
1774004588116 -0.013584526255726814 96800
1774004678271 -0.0134902223944664 97600
1774004768933 -0.01367979496717453 98400
1774004858451 -0.013383680023252964 99200
1774004948793 -0.01341489888727665 100000
1774005038539 -0.01327241025865078 100800
1774005128351 -0.013459962792694569 101600
1774005216229 -0.014131971634924412 102400
1774005306248 -0.014105788432061672 103200
1774005394318 -0.01399768702685833 104000
1774005483879 -0.013930597342550755 104800
1774005573872 -0.014723244123160839 105600
1774005662054 -0.014677015133202076 106400
1774005751490 -0.01438586413860321 107200
1774005839606 -0.014110543765127659 108000
1774005932552 -0.014060965739190578 108800
1774006022379 -0.013781541027128696 109600
1774006112246 -0.013879966922104359 110400
1774006200498 -0.013931235298514366 111200
1774006288812 -0.014360150322318077 112000
1774006377173 -0.014363440684974194 112800
1774006468061 -0.014271840453147888 113600
1774006558173 -0.014191031455993652 114400
1774006648041 -0.014203106053173542 115200
1774006736450 -0.013939695432782173 116000
1774006826429 -0.014025255106389523 116800
1774006916598 -0.013898239471018314 117600
1774007005183 -0.01371745951473713 118400
1774007093759 -0.01385452225804329 119200
1774007183262 -0.013894881121814251 120000
1774007274459 -0.01426759921014309 120800
1774007365105 -0.013808351010084152 121600
1774007460243 -0.013790285214781761 122400
1774007561246 -0.013496583327651024 123200
1774007659300 -0.013745076954364777 124000
1774007755589 -0.013886164873838425 124800
1774007853340 -0.013779086992144585 125600
1774007951269 -0.013427686877548695 126400
1774008047795 -0.013277601450681686 127200
1774008143781 -0.013294796459376812 128000
1774008242454 -0.013442909345030785 128800
1774008340644 -0.013535943813621998 129600
1774008437134 -0.013343383558094501 130400
1774008535329 -0.01371608953922987 131200
1774008638548 -0.013428003527224064 132000
1774008735090 -0.013821328058838844 132800
1774008834661 -0.013394525274634361 133600
1774008933145 -0.013366540893912315 134400
1774009030591 -0.01301653403788805 135200
1774009127567 -0.013016409240663052 136000
1774009225172 -0.012962120585143566 136800
1774009322286 -0.012964615598320961 137600
1774009420940 -0.012834959663450718 138400
1774009518273 -0.012571165338158607 139200
1774009615475 -0.01289297454059124 140000
1774009715390 -0.01218661479651928 140800
1774009815410 -0.012407736852765083 141600
1774009913294 -0.012338807806372643 142400
1774010010715 -0.012023808434605598 143200
1774010109989 -0.012039484456181526 144000
1774010212541 -0.012338039465248585 144800
1774010309901 -0.012958213686943054 145600
1774010407260 -0.012620174326002598 146400
1774010509369 -0.012885881587862968 147200
1774010611300 -0.01232726126909256 148000
1774010713311 -0.012555942870676517 148800
1774010818976 -0.012402268126606941 149600
1774010925866 -0.011579278856515884 150400
