1773993602796 -1.0771484375 800
1773993699234 11.730712890625 1600
1773993793960 19.276611328125 2400
1773993891158 26.646728515625 3200
1773993983586 27.981689453125 4000
1773994077429 38.59466552734375 4800
1773994174442 38.0350341796875 5600
1773994268346 40.856689453125 6400
1773994362285 50.820556640625 7200
1773994454604 46.03411865234375 8000
1773994542871 43.838623046875 8800
1773994630737 54.24725341796875 9600
1773994717257 52.3638916015625 10400
1773994803949 54.082275390625 11200
1773994891765 52.8099365234375 12000
1773994978456 53.90704345703125 12800
1773995064361 51.484130859375 13600
1773995154597 50.775390625 14400
1773995244759 51.718017578125 15200
1773995331409 50.93603515625 16000
1773995418136 58.6236572265625 16800
1773995503468 55.8289794921875 17600
1773995590489 52.248046875 18400
1773995676145 53.437957763671875 19200
1773995761554 54.03607177734375 20000
1773995847002 49.9984130859375 20800
1773995934380 54.8203125 21600
1773996021549 52.5577392578125 22400
1773996111954 52.0291748046875 23200
1773996197497 52.98046875 24000
1773996283296 47.630859375 24800
1773996370904 51.153076171875 25600
1773996458083 51.25 26400
1773996545665 50.15478515625 27200
1773996633155 46.33258056640625 28000
1773996721424 48.0032958984375 28800
1773996806996 52.60400390625 29600
1773996894620 50.039306640625 30400
1773996982993 50.193115234375 31200
1773997070479 54.8438720703125 32000
1773997156404 56.8148193359375 32800
1773997243879 52.70849609375 33600
1773997331672 48.08984375 34400
1773997420299 52.830322265625 35200
1773997507945 47.94091796875 36000
1773997595723 52.06982421875 36800
1773997682156 47.994140625 37600
1773997773245 41.09912109375 38400
1773997863835 43.0120849609375 39200
1773997951626 44.9901123046875 40000
1773998039429 44.90771484375 40800
1773998130822 42.640380859375 41600
1773998217083 46.38299560546875 42400
1773998305010 42.78515625 43200
1773998393731 45.90185546875 44000
1773998480061 36.755615234375 44800
1773998568133 38.691162109375 45600
1773998657036 42.921630859375 46400
1773998744816 37.0751953125 47200
1773998840613 45.095703125 48000
1773998939313 43.5133056640625 48800
1773999040628 37.9306640625 49600
1773999134538 38.3524169921875 50400
1773999228134 35.2637939453125 51200
1773999323419 38.7568359375 52000
1773999418757 39.670654296875 52800
1773999514153 29.510498046875 53600
1773999608072 35.95904541015625 54400
1773999703556 36.263916015625 55200
1773999799379 39.10113525390625 56000
1773999894862 37.65606689453125 56800
1773999991597 35.5166015625 57600
1774000087595 35.00732421875 58400
1774000181551 41.289794921875 59200
1774000275834 33.196533203125 60000
1774000371812 33.2662353515625 60800
1774000471056 34.2999267578125 61600
1774000567107 32.80859375 62400
1774000661287 29.47021484375 63200
1774000760398 34.91912841796875 64000
1774000856618 34.147216796875 64800
1774000953638 27.5006103515625 65600
1774001047876 28.4229736328125 66400
1774001147241 37.551025390625 67200
1774001241937 38.571563720703125 68000
1774001337927 34.88330078125 68800
1774001434847 34.6583251953125 69600
1774001531222 31.186279296875 70400
1774001627366 32.8216552734375 71200
1774001721873 27.2607421875 72000
1774001818044 27.065185546875 72800
1774001914303 19.921875 73600
1774002009156 25.873046875 74400
1774002108919 28.787109375 75200
1774002205437 23.0904541015625 76000
1774002302988 23.4210205078125 76800
1774002397689 27.304443359375 77600
1774002495276 24.3646240234375 78400
1774002591705 31.7271728515625 79200
1774002689280 24.142059326171875 80000
1774002789191 24.57421875 80800
1774002883956 31.5203857421875 81600
1774002978282 25.073974609375 82400
1774003067190 20.018829345703125 83200
1774003154475 21.68115234375 84000
1774003243605 21.2977294921875 84800
1774003335839 27.7220458984375 85600
1774003423414 22.86083984375 86400
1774003512436 18.629150390625 87200
1774003599921 24.365509033203125 88000
1774003690233 24.470947265625 88800
1774003779697 18.5625 89600
1774003872410 24.407470703125 90400
1774003961783 20.1748046875 91200
1774004051143 23.54443359375 92000
1774004140403 25.38330078125 92800
1774004229903 28.57373046875 93600
1774004319498 20.299560546875 94400
1774004408576 23.1044921875 95200
1774004497862 26.89794921875 96000
1774004588116 18.79425048828125 96800
1774004678271 17.50439453125 97600
1774004768933 12.442138671875 98400
1774004858451 24.84613037109375 99200
1774004948793 22.3726806640625 100000
1774005038539 13.889404296875 100800
1774005128351 22.5552978515625 101600
1774005216229 19.8017578125 102400
1774005306248 14.52880859375 103200
1774005394318 15.17877197265625 104000
1774005483879 14.23248291015625 104800
1774005573872 15.731201171875 105600
1774005662054 23.1519775390625 106400
1774005751490 13.193069458007812 107200
1774005839606 10.501708984375 108000
1774005932552 23.20343017578125 108800
1774006022379 16.6583251953125 109600
1774006112246 11.302734375 110400
1774006200498 10.20849609375 111200
1774006288812 17.91302490234375 112000
1774006377173 8.19189453125 112800
1774006468061 7.03759765625 113600
1774006558173 10.29779052734375 114400
1774006648041 16.10516357421875 115200
1774006736450 20.0888671875 116000
1774006826429 22.21923828125 116800
1774006916598 6.7926025390625 117600
1774007005183 15.72607421875 118400
1774007093759 13.0694580078125 119200
1774007183262 13.038818359375 120000
1774007274459 22.79541015625 120800
1774007365105 21.14068603515625 121600
1774007460243 13.77490234375 122400
1774007561246 6.45477294921875 123200
1774007659300 5.6328125 124000
1774007755589 8.42291259765625 124800
1774007853340 10.89990234375 125600
1774007951269 16.444091796875 126400
1774008047795 14.7039794921875 127200
1774008143781 7.62939453125 128000
1774008242454 7.521484375 128800
1774008340644 6.47918701171875 129600
1774008437134 17.68798828125 130400
1774008535329 17.017578125 131200
1774008638548 10.43524169921875 132000
1774008735090 15.667236328125 132800
1774008834661 11.044189453125 133600
1774008933145 11.97705078125 134400
1774009030591 3.36297607421875 135200
1774009127567 8.009765625 136000
1774009225172 4.73974609375 136800
1774009322286 8.85577392578125 137600
1774009420940 1.32147216796875 138400
1774009518273 1.44091796875 139200
1774009615475 10.46630859375 140000
1774009715390 9.69970703125 140800
1774009815410 12.0565185546875 141600
1774009913294 1.10986328125 142400
1774010010715 4.56011962890625 143200
1774010109989 3.3341064453125 144000
1774010212541 -0.28948974609375 144800
1774010309901 -0.653564453125 145600
1774010407260 2.17919921875 146400
1774010509369 11.2989501953125 147200
1774010611300 1.40771484375 148000
1774010713311 -0.8553466796875 148800
1774010818976 1.0157470703125 149600
1774010925866 0.03411865234375 150400
