1773993602796 0.9980342388153076 800
1773993699234 0.997898519039154 1600
1773993793960 0.998186469078064 2400
1773993891158 0.9981091022491455 3200
1773993983586 0.9982998371124268 4000
1773994077429 0.9981117248535156 4800
1773994174442 0.9979609251022339 5600
1773994268346 0.9980912804603577 6400
1773994362285 0.9978334307670593 7200
1773994454604 0.997674822807312 8000
1773994542871 0.9975751042366028 8800
1773994630737 0.9978469610214233 9600
1773994717257 0.9974364042282104 10400
1773994803949 0.9971935153007507 11200
1773994891765 0.9967598915100098 12000
1773994978456 0.9963241815567017 12800
1773995064361 0.9964464902877808 13600
1773995154597 0.9964659810066223 14400
1773995244759 0.996566891670227 15200
1773995331409 0.9966481328010559 16000
1773995418136 0.9964732527732849 16800
1773995503468 0.9958878755569458 17600
1773995590489 0.9962860345840454 18400
1773995676145 0.9958325624465942 19200
1773995761554 0.9955725073814392 20000
1773995847002 0.9957916140556335 20800
1773995934380 0.9958330988883972 21600
1773996021549 0.9958333969116211 22400
1773996111954 0.9954696297645569 23200
1773996197497 0.9949963688850403 24000
1773996283296 0.9947904944419861 24800
1773996370904 0.9944449067115784 25600
1773996458083 0.9941059350967407 26400
1773996545665 0.9936845898628235 27200
1773996633155 0.9936054348945618 28000
1773996721424 0.9935563802719116 28800
1773996806996 0.993411660194397 29600
1773996894620 0.9931262731552124 30400
1773996982993 0.9927883148193359 31200
1773997070479 0.9927166104316711 32000
1773997156404 0.9924077391624451 32800
1773997243879 0.9923863410949707 33600
1773997331672 0.9920787215232849 34400
1773997420299 0.9921152591705322 35200
1773997507945 0.9920502305030823 36000
1773997595723 0.9917798638343811 36800
1773997682156 0.9913537502288818 37600
1773997773245 0.991092324256897 38400
1773997863835 0.9909959435462952 39200
1773997951626 0.9907730221748352 40000
1773998039429 0.9902358651161194 40800
1773998130822 0.990013062953949 41600
1773998217083 0.9900845885276794 42400
1773998305010 0.9901122450828552 43200
1773998393731 0.9893707036972046 44000
1773998480061 0.9897239208221436 44800
1773998568133 0.9896557331085205 45600
1773998657036 0.9893362522125244 46400
1773998744816 0.9892632365226746 47200
1773998840613 0.9887943267822266 48000
1773998939313 0.9885661602020264 48800
1773999040628 0.9884520173072815 49600
1773999134538 0.9881703853607178 50400
1773999228134 0.9877988696098328 51200
1773999323419 0.9871230721473694 52000
1773999418757 0.9870443344116211 52800
1773999514153 0.9868364930152893 53600
1773999608072 0.9864572882652283 54400
1773999703556 0.9863091707229614 55200
1773999799379 0.9859674572944641 56000
1773999894862 0.9854241013526917 56800
1773999991597 0.9857292175292969 57600
1774000087595 0.9855220317840576 58400
1774000181551 0.9853605628013611 59200
1774000275834 0.9851120114326477 60000
1774000371812 0.984791100025177 60800
1774000471056 0.984780490398407 61600
1774000567107 0.9844241738319397 62400
1774000661287 0.9845706224441528 63200
1774000760398 0.983686625957489 64000
1774000856618 0.983880877494812 64800
1774000953638 0.9836259484291077 65600
1774001047876 0.983463704586029 66400
1774001147241 0.9833515286445618 67200
1774001241937 0.9837692975997925 68000
1774001337927 0.9834997057914734 68800
1774001434847 0.9831097722053528 69600
1774001531222 0.9826952219009399 70400
1774001627366 0.9824122190475464 71200
1774001721873 0.9819130897521973 72000
1774001818044 0.9821521043777466 72800
1774001914303 0.9821680188179016 73600
1774002009156 0.9817276000976562 74400
1774002108919 0.9813269376754761 75200
1774002205437 0.9808555245399475 76000
1774002302988 0.980980396270752 76800
1774002397689 0.9810746908187866 77600
1774002495276 0.9811035394668579 78400
1774002591705 0.9807557463645935 79200
1774002689280 0.980270266532898 80000
1774002789191 0.9800888895988464 80800
1774002883956 0.9794162511825562 81600
1774002978282 0.9796009063720703 82400
1774003067190 0.9795152544975281 83200
1774003154475 0.9794051051139832 84000
1774003243605 0.9793121814727783 84800
1774003335839 0.9793612957000732 85600
1774003423414 0.9791944026947021 86400
1774003512436 0.9787582755088806 87200
1774003599921 0.9782825708389282 88000
1774003690233 0.9779383540153503 88800
1774003779697 0.9775161743164062 89600
1774003872410 0.9774823188781738 90400
1774003961783 0.9772723317146301 91200
1774004051143 0.9768251180648804 92000
1774004140403 0.9766533374786377 92800
1774004229903 0.9768460392951965 93600
1774004319498 0.9763675332069397 94400
1774004408576 0.9760441780090332 95200
1774004497862 0.9753667116165161 96000
1774004588116 0.9752932786941528 96800
1774004678271 0.9751372337341309 97600
1774004768933 0.9746608138084412 98400
1774004858451 0.9745336771011353 99200
1774004948793 0.9744923710823059 100000
1774005038539 0.974591076374054 100800
1774005128351 0.974368155002594 101600
1774005216229 0.973711371421814 102400
1774005306248 0.973756730556488 103200
1774005394318 0.9737399816513062 104000
1774005483879 0.9736089706420898 104800
1774005573872 0.9727779626846313 105600
1774005662054 0.9724366664886475 106400
1774005751490 0.9723715782165527 107200
1774005839606 0.972200334072113 108000
1774005932552 0.9719817638397217 108800
1774006022379 0.9719060659408569 109600
1774006112246 0.9712052941322327 110400
1774006200498 0.9710341691970825 111200
1774006288812 0.9704968333244324 112000
1774006377173 0.9704707264900208 112800
1774006468061 0.9706159830093384 113600
1774006558173 0.9705204963684082 114400
1774006648041 0.9704471826553345 115200
1774006736450 0.970669686794281 116000
1774006826429 0.9702736139297485 116800
1774006916598 0.9703399538993835 117600
1774007005183 0.9702820181846619 118400
1774007093759 0.969773530960083 119200
1774007183262 0.9695368409156799 120000
1774007274459 0.9690698385238647 120800
1774007365105 0.9690017104148865 121600
1774007460243 0.9683598279953003 122400
1774007561246 0.9678715467453003 123200
1774007659300 0.9676957130432129 124000
1774007755589 0.9676029682159424 124800
1774007853340 0.9674652814865112 125600
1774007951269 0.967563807964325 126400
1774008047795 0.9671478271484375 127200
1774008143781 0.966646671295166 128000
1774008242454 0.9661538600921631 128800
1774008340644 0.9658167362213135 129600
1774008437134 0.9656619429588318 130400
1774008535329 0.9653635621070862 131200
1774008638548 0.9654083847999573 132000
1774008735090 0.9650171995162964 132800
1774008834661 0.9651383757591248 133600
1774008933145 0.9651015400886536 134400
1774009030591 0.965181291103363 135200
1774009127567 0.9649463891983032 136000
1774009225172 0.9650083184242249 136800
1774009322286 0.9646794199943542 137600
1774009420940 0.9641367197036743 138400
1774009518273 0.9638819098472595 139200
1774009615475 0.9634097218513489 140000
1774009715390 0.9636013507843018 140800
1774009815410 0.963383674621582 141600
1774009913294 0.9631710052490234 142400
1774010010715 0.9630746841430664 143200
1774010109989 0.9627503752708435 144000
1774010212541 0.9623396396636963 144800
1774010309901 0.9612728357315063 145600
1774010407260 0.9611202478408813 146400
1774010509369 0.9610117077827454 147200
1774010611300 0.9609118700027466 148000
1774010713311 0.9606324434280396 148800
1774010818976 0.9605275392532349 149600
1774010925866 0.9605600237846375 150400
