1773993602796 25.016197562217712 800
1773993699234 23.98044615983963 1600
1773993793960 23.116496205329895 2400
1773993891158 22.276048362255096 3200
1773993983586 21.660931408405304 4000
1773994077429 20.99948078393936 4800
1773994174442 20.598524808883667 5600
1773994268346 20.26902735233307 6400
1773994362285 19.98830884695053 7200
1773994454604 19.78481113910675 8000
1773994542871 19.675350189208984 8800
1773994630737 19.483253359794617 9600
1773994717257 19.446346163749695 10400
1773994803949 19.377407431602478 11200
1773994891765 19.387397170066833 12000
1773994978456 19.37946081161499 12800
1773995064361 19.39294785261154 13600
1773995154597 19.364389777183533 14400
1773995244759 19.322887063026428 15200
1773995331409 19.25557404756546 16000
1773995418136 19.188667833805084 16800
1773995503468 19.315144419670105 17600
1773995590489 19.271473586559296 18400
1773995676145 19.295889139175415 19200
1773995761554 19.264815747737885 20000
1773995847002 19.346964359283447 20800
1773995934380 19.183097779750824 21600
1773996021549 19.173385202884674 22400
1773996111954 19.179439544677734 23200
1773996197497 19.173505902290344 24000
1773996283296 19.23273503780365 24800
1773996370904 19.08578723669052 25600
1773996458083 19.12839710712433 26400
1773996545665 19.19468641281128 27200
1773996633155 19.261546432971954 28000
1773996721424 19.246210157871246 28800
1773996806996 19.186797738075256 29600
1773996894620 19.266189634799957 30400
1773996982993 19.227394461631775 31200
1773997070479 19.166184961795807 32000
1773997156404 19.2462295293808 32800
1773997243879 19.20003741979599 33600
1773997331672 19.29766833782196 34400
1773997420299 19.040198624134064 35200
1773997507945 19.15331482887268 36000
1773997595723 18.99801790714264 36800
1773997682156 19.175776839256287 37600
1773997773245 19.350866973400116 38400
1773997863835 19.301824271678925 39200
1773997951626 19.159039855003357 40000
1773998039429 19.214054942131042 40800
1773998130822 19.221211969852448 41600
1773998217083 19.024717807769775 42400
1773998305010 19.135816395282745 43200
1773998393731 19.07825917005539 44000
1773998480061 19.35765892267227 44800
1773998568133 19.263507425785065 45600
1773998657036 19.045786559581757 46400
1773998744816 19.270913302898407 47200
1773998840613 19.009923934936523 48000
1773998939313 19.127407670021057 48800
1773999040628 19.252510368824005 49600
1773999134538 19.289809465408325 50400
1773999228134 19.31503713130951 51200
1773999323419 19.26724761724472 52000
1773999418757 19.178076088428497 52800
1773999514153 19.59596872329712 53600
1773999608072 19.31721121072769 54400
1773999703556 19.309818744659424 55200
1773999799379 19.12761628627777 56000
1773999894862 19.27354484796524 56800
1773999991597 19.331611692905426 57600
1774000087595 19.37384456396103 58400
1774000181551 19.031982123851776 59200
1774000275834 19.356490671634674 60000
1774000371812 19.42618191242218 60800
1774000471056 19.322700798511505 61600
1774000567107 19.350014626979828 62400
1774000661287 19.38188225030899 63200
1774000760398 19.187873601913452 64000
1774000856618 19.296570122241974 64800
1774000953638 19.571930170059204 65600
1774001047876 19.562365114688873 66400
1774001147241 19.24794763326645 67200
1774001241937 19.29982751607895 68000
1774001337927 19.352956116199493 68800
1774001434847 19.376255571842194 69600
1774001531222 19.4773331284523 70400
1774001627366 19.37892884016037 71200
1774001721873 19.581758975982666 72000
1774001818044 19.436447322368622 72800
1774001914303 19.637714326381683 73600
1774002009156 19.37609314918518 74400
1774002108919 19.33460682630539 75200
1774002205437 19.56804096698761 76000
1774002302988 19.445867836475372 76800
1774002397689 19.339749217033386 77600
1774002495276 19.47236657142639 78400
1774002591705 19.117556512355804 79200
1774002689280 19.53359544277191 80000
1774002789191 19.45073753595352 80800
1774002883956 19.20829862356186 81600
1774002978282 19.414520263671875 82400
1774003067190 19.581174850463867 83200
1774003154475 19.453507661819458 84000
1774003243605 19.441290199756622 84800
1774003335839 19.181178510189056 85600
1774003423414 19.364112615585327 86400
1774003512436 19.597306847572327 87200
1774003599921 19.33760493993759 88000
1774003690233 19.401806592941284 88800
1774003779697 19.626232981681824 89600
1774003872410 19.393427670001984 90400
1774003961783 19.509579241275787 91200
1774004051143 19.421780109405518 92000
1774004140403 19.295266270637512 92800
1774004229903 19.132061302661896 93600
1774004319498 19.505004584789276 94400
1774004408576 19.365714490413666 95200
1774004497862 19.219811260700226 96000
1774004588116 19.557088613510132 96800
1774004678271 19.57813948392868 97600
1774004768933 19.87922042608261 98400
1774004858451 19.275718927383423 99200
1774004948793 19.32949274778366 100000
1774005038539 19.812364876270294 100800
1774005128351 19.289356470108032 101600
1774005216229 19.565869867801666 102400
1774005306248 19.76025551557541 103200
1774005394318 19.689425826072693 104000
1774005483879 19.664539396762848 104800
1774005573872 19.691023230552673 105600
1774005662054 19.37413513660431 106400
1774005751490 19.737833738327026 107200
1774005839606 19.872303307056427 108000
1774005932552 19.290557503700256 108800
1774006022379 19.510428607463837 109600
1774006112246 19.867920875549316 110400
1774006200498 19.825521111488342 111200
1774006288812 19.610533118247986 112000
1774006377173 20.149342715740204 112800
1774006468061 20.090413093566895 113600
1774006558173 19.927452504634857 114400
1774006648041 19.54026371240616 115200
1774006736450 19.379255175590515 116000
1774006826429 19.27470713853836 116800
1774006916598 19.914598762989044 117600
1774007005183 19.512318074703217 118400
1774007093759 19.606398046016693 119200
1774007183262 19.619104266166687 120000
1774007274459 19.27236318588257 120800
1774007365105 19.22883838415146 121600
1774007460243 19.616541266441345 122400
1774007561246 19.887591898441315 123200
1774007659300 19.984206557273865 124000
1774007755589 19.805464148521423 124800
1774007853340 19.558747112751007 125600
1774007951269 19.394925236701965 126400
1774008047795 19.455845654010773 127200
1774008143781 19.79970633983612 128000
1774008242454 19.751140475273132 128800
1774008340644 19.715020060539246 129600
1774008437134 19.31706964969635 130400
1774008535329 19.329829514026642 131200
1774008638548 19.577714800834656 132000
1774008735090 19.29069012403488 132800
1774008834661 19.592082500457764 133600
1774008933145 19.443346560001373 134400
1774009030591 19.87786442041397 135200
1774009127567 19.686442613601685 136000
1774009225172 19.85730528831482 136800
1774009322286 19.684718549251556 137600
1774009420940 19.9564129114151 138400
1774009518273 20.117664337158203 139200
1774009615475 19.61153894662857 140000
1774009715390 19.502197206020355 140800
1774009815410 19.488786160945892 141600
1774009913294 19.99189853668213 142400
1774010010715 19.69369202852249 143200
1774010109989 19.92771178483963 144000
1774010212541 20.3824982047081 144800
1774010309901 20.406581461429596 145600
1774010407260 19.92362141609192 146400
1774010509369 19.513316452503204 147200
1774010611300 19.924065470695496 148000
1774010713311 20.188185572624207 148800
1774010818976 19.93981897830963 149600
1774010925866 19.94290053844452 150400
