1773993602796 4823.4248046875 800
1773993699234 4600.02001953125 1600
1773993793960 4457.16455078125 2400
1773993891158 4235.875 3200
1773993983586 4165.6494140625 4000
1773994077429 3952.390869140625 4800
1773994174442 3908.554443359375 5600
1773994268346 3836.26318359375 6400
1773994362285 3727.548828125 7200
1773994454604 3740.124267578125 8000
1773994542871 3780.79443359375 8800
1773994630737 3698.3193359375 9600
1773994717257 3718.5390625 10400
1773994803949 3673.18994140625 11200
1773994891765 3672.681884765625 12000
1773994978456 3647.359375 12800
1773995064361 3675.910400390625 13600
1773995154597 3668.56005859375 14400
1773995244759 3663.278564453125 15200
1773995331409 3645.73876953125 16000
1773995418136 3579.53125 16800
1773995503468 3585.655517578125 17600
1773995590489 3593.3623046875 18400
1773995676145 3595.525146484375 19200
1773995761554 3582.089111328125 20000
1773995847002 3659.333740234375 20800
1773995934380 3596.435546875 21600
1773996021549 3616.927734375 22400
1773996111954 3613.378173828125 23200
1773996197497 3600.036376953125 24000
1773996283296 3654.893798828125 24800
1773996370904 3589.208251953125 25600
1773996458083 3598.10009765625 26400
1773996545665 3628.217529296875 27200
1773996633155 3665.62744140625 28000
1773996721424 3634.470458984375 28800
1773996806996 3595.258544921875 29600
1773996894620 3606.40673828125 30400
1773996982993 3602.466064453125 31200
1773997070479 3566.91357421875 32000
1773997156404 3556.680908203125 32800
1773997243879 3570.6708984375 33600
1773997331672 3629.935302734375 34400
1773997420299 3546.564453125 35200
1773997507945 3604.724853515625 36000
1773997595723 3545.420654296875 36800
1773997682156 3603.880859375 37600
1773997773245 3706.8125 38400
1773997863835 3673.4853515625 39200
1773997951626 3619.044189453125 40000
1773998039429 3611.251220703125 40800
1773998130822 3630.2626953125 41600
1773998217083 3578.02294921875 42400
1773998305010 3615.00244140625 43200
1773998393731 3582.58447265625 44000
1773998480061 3702.459716796875 44800
1773998568133 3661.74462890625 45600
1773998657036 3587.24169921875 46400
1773998744816 3666.633056640625 47200
1773998840613 3559.115966796875 48000
1773998939313 3592.16796875 48800
1773999040628 3652.45654296875 49600
1773999134538 3652.485107421875 50400
1773999228134 3658.728515625 51200
1773999323419 3623.12060546875 52000
1773999418757 3601.43505859375 52800
1773999514153 3755.75830078125 53600
1773999608072 3640.307373046875 54400
1773999703556 3666.396240234375 55200
1773999799379 3584.95458984375 56000
1773999894862 3634.893310546875 56800
1773999991597 3654.94384765625 57600
1774000087595 3659.877197265625 58400
1774000181551 3553.703369140625 59200
1774000275834 3673.7431640625 60000
1774000371812 3688.252685546875 60800
1774000471056 3650.588134765625 61600
1774000567107 3672.8642578125 62400
1774000661287 3708.990478515625 63200
1774000760398 3621.397216796875 64000
1774000856618 3649.565673828125 64800
1774000953638 3734.496337890625 65600
1774001047876 3723.052001953125 66400
1774001147241 3601.34912109375 67200
1774001241937 3609.851318359375 68000
1774001337927 3637.239013671875 68800
1774001434847 3642.9814453125 69600
1774001531222 3663.423583984375 70400
1774001627366 3631.71630859375 71200
1774001721873 3695.3427734375 72000
1774001818044 3691.151611328125 72800
1774001914303 3780.248291015625 73600
1774002009156 3703.69970703125 74400
1774002108919 3668.96484375 75200
1774002205437 3731.61767578125 76000
1774002302988 3721.513671875 76800
1774002397689 3682.25 77600
1774002495276 3723.4287109375 78400
1774002591705 3601.97509765625 79200
1774002689280 3704.35888671875 80000
1774002789191 3688.74267578125 80800
1774002883956 3598.65087890625 81600
1774002978282 3676.105712890625 82400
1774003067190 3746.021240234375 83200
1774003154475 3723.953857421875 84000
1774003243605 3720.8369140625 84800
1774003335839 3648.122314453125 85600
1774003423414 3696.067626953125 86400
1774003512436 3738.33447265625 87200
1774003599921 3656.470947265625 88000
1774003690233 3638.546142578125 88800
1774003779697 3718.61083984375 89600
1774003872410 3630.2568359375 90400
1774003961783 3675.873046875 91200
1774004051143 3637.4921875 92000
1774004140403 3617.715087890625 92800
1774004229903 3571.164794921875 93600
1774004319498 3675.563720703125 94400
1774004408576 3636.2099609375 95200
1774004497862 3585.0263671875 96000
1774004588116 3691.7158203125 96800
1774004678271 3700.962890625 97600
1774004768933 3787.679931640625 98400
1774004858451 3601.623291015625 99200
1774004948793 3621.904541015625 100000
1774005038539 3781.610107421875 100800
1774005128351 3612.451904296875 101600
1774005216229 3672.150390625 102400
1774005306248 3747.4697265625 103200
1774005394318 3743.55419921875 104000
1774005483879 3743.36083984375 104800
1774005573872 3715.336669921875 105600
1774005662054 3620.188720703125 106400
1774005751490 3762.217529296875 107200
1774005839606 3800.65234375 108000
1774005932552 3607.79638671875 108800
1774006022379 3677.900634765625 109600
1774006112246 3771.9736328125 110400
1774006200498 3757.096435546875 111200
1774006288812 3665.001953125 112000
1774006377173 3817.45947265625 112800
1774006468061 3817.4423828125 113600
1774006558173 3769.0263671875 114400
1774006648041 3654.90380859375 115200
1774006736450 3623.94921875 116000
1774006826429 3589.55810546875 116800
1774006916598 3790.822021484375 117600
1774007005183 3661.301025390625 118400
1774007093759 3706.0341796875 119200
1774007183262 3698.16650390625 120000
1774007274459 3567.3642578125 120800
1774007365105 3569.982666015625 121600
1774007460243 3684.0283203125 122400
1774007561246 3782.252197265625 123200
1774007659300 3811.27490234375 124000
1774007755589 3765.664794921875 124800
1774007853340 3690.958251953125 125600
1774007951269 3643.76416015625 126400
1774008047795 3656.729248046875 127200
1774008143781 3753.941162109375 128000
1774008242454 3730.08349609375 128800
1774008340644 3734.411376953125 129600
1774008437134 3620.947509765625 130400
1774008535329 3623.49658203125 131200
1774008638548 3690.864013671875 132000
1774008735090 3584.023681640625 132800
1774008834661 3676.89599609375 133600
1774008933145 3621.7490234375 134400
1774009030591 3783.766357421875 135200
1774009127567 3719.650146484375 136000
1774009225172 3771.525634765625 136800
1774009322286 3709.59765625 137600
1774009420940 3794.50341796875 138400
1774009518273 3835.792236328125 139200
1774009615475 3666.3779296875 140000
1774009715390 3670.889892578125 140800
1774009815410 3661.091064453125 141600
1774009913294 3804.034423828125 142400
1774010010715 3712.74365234375 143200
1774010109989 3750.039794921875 144000
1774010212541 3888.849853515625 144800
1774010309901 3894.087158203125 145600
1774010407260 3771.32568359375 146400
1774010509369 3630.154296875 147200
1774010611300 3758.515625 148000
1774010713311 3831.924560546875 148800
1774010818976 3755.4091796875 149600
1774010925866 3785.572021484375 150400
