1773993602796 21346920.0 800
1773993699234 19524118.0 1600
1773993793960 18206910.0 2400
1773993891158 16692551.0 3200
1773993983586 15858922.0 4000
1773994077429 14669153.0 4800
1773994174442 14235999.0 5600
1773994268346 13817686.0 6400
1773994362285 13360102.0 7200
1773994454604 13318096.0 8000
1773994542871 13342939.0 8800
1773994630737 13057967.0 9600
1773994717257 13098741.0 10400
1773994803949 12990655.0 11200
1773994891765 12985834.0 12000
1773994978456 12966826.0 12800
1773995064361 13008742.0 13600
1773995154597 12979167.0 14400
1773995244759 12957606.0 15200
1773995331409 12906399.0 16000
1773995418136 12833225.0 16800
1773995503468 12940697.0 17600
1773995590489 12950839.0 18400
1773995676145 12966030.0 19200
1773995761554 12935943.0 20000
1773995847002 13037794.0 20800
1773995934380 12935214.0 21600
1773996021549 12955616.0 22400
1773996111954 12947095.0 23200
1773996197497 12933339.0 24000
1773996283296 12956497.0 24800
1773996370904 12826505.0 25600
1773996458083 12861734.0 26400
1773996545665 12899396.0 27200
1773996633155 12954441.0 28000
1773996721424 12924626.0 28800
1773996806996 12898090.0 29600
1773996894620 12948810.0 30400
1773996982993 12905965.0 31200
1773997070479 12883470.0 32000
1773997156404 12973391.0 32800
1773997243879 12894904.0 33600
1773997331672 12924653.0 34400
1773997420299 12761693.0 35200
1773997507945 12810465.0 36000
1773997595723 12716580.0 36800
1773997682156 12809758.0 37600
1773997773245 12921620.0 38400
1773997863835 12874556.0 39200
1773997951626 12761270.0 40000
1773998039429 12788273.0 40800
1773998130822 12788302.0 41600
1773998217083 12656380.0 42400
1773998305010 12725652.0 43200
1773998393731 12676589.0 44000
1773998480061 12873973.0 44800
1773998568133 12812220.0 45600
1773998657036 12672535.0 46400
1773998744816 12828982.0 47200
1773998840613 12636646.0 48000
1773998939313 12714762.0 48800
1773999040628 12778646.0 49600
1773999134538 12792988.0 50400
1773999228134 12797435.0 51200
1773999323419 12733761.0 52000
1773999418757 12674991.0 52800
1773999514153 12970416.0 53600
1773999608072 12738078.0 54400
1773999703556 12730672.0 55200
1773999799379 12596755.0 56000
1773999894862 12676752.0 56800
1773999991597 12742260.0 57600
1774000087595 12751732.0 58400
1774000181551 12543696.0 59200
1774000275834 12743114.0 60000
1774000371812 12774844.0 60800
1774000471056 12721273.0 61600
1774000567107 12752263.0 62400
1774000661287 12794603.0 63200
1774000760398 12605152.0 64000
1774000856618 12683425.0 64800
1774000953638 12877729.0 65600
1774001047876 12871822.0 66400
1774001147241 12642987.0 67200
1774001241937 12673893.0 68000
1774001337927 12691521.0 68800
1774001434847 12700894.0 69600
1774001531222 12737955.0 70400
1774001627366 12653291.0 71200
1774001721873 12771815.0 72000
1774001818044 12722368.0 72800
1774001914303 12921823.0 73600
1774002009156 12715166.0 74400
1774002108919 12639876.0 75200
1774002205437 12794973.0 76000
1774002302988 12742506.0 76800
1774002397689 12645083.0 77600
1774002495276 12745416.0 78400
1774002591705 12443984.0 79200
1774002689280 12707730.0 80000
1774002789191 12652054.0 80800
1774002883956 12454069.0 81600
1774002978282 12603079.0 82400
1774003067190 12737573.0 83200
1774003154475 12677036.0 84000
1774003243605 12672861.0 84800
1774003335839 12469927.0 85600
1774003423414 12592443.0 86400
1774003512436 12718614.0 87200
1774003599921 12533287.0 88000
1774003690233 12542125.0 88800
1774003779697 12693084.0 89600
1774003872410 12512910.0 90400
1774003961783 12585712.0 91200
1774004051143 12506795.0 92000
1774004140403 12427866.0 92800
1774004229903 12342891.0 93600
1774004319498 12552465.0 94400
1774004408576 12450005.0 95200
1774004497862 12349092.0 96000
1774004588116 12581097.0 96800
1774004678271 12618414.0 97600
1774004768933 12830707.0 98400
1774004858451 12386595.0 99200
1774004948793 12408072.0 100000
1774005038539 12779530.0 100800
1774005128351 12406289.0 101600
1774005216229 12558289.0 102400
1774005306248 12751788.0 103200
1774005394318 12726639.0 104000
1774005483879 12713012.0 104800
1774005573872 12658152.0 105600
1774005662054 12411360.0 106400
1774005751490 12733786.0 107200
1774005839606 12844319.0 108000
1774005932552 12366394.0 108800
1774006022379 12534613.0 109600
1774006112246 12823079.0 110400
1774006200498 12761818.0 111200
1774006288812 12555278.0 112000
1774006377173 12965236.0 112800
1774006468061 12931678.0 113600
1774006558173 12826625.0 114400
1774006648041 12511875.0 115200
1774006736450 12403904.0 116000
1774006826429 12324796.0 116800
1774006916598 12797240.0 117600
1774007005183 12484303.0 118400
1774007093759 12583602.0 119200
1774007183262 12570788.0 120000
1774007274459 12285796.0 120800
1774007365105 12265816.0 121600
1774007460243 12520750.0 122400
1774007561246 12787088.0 123200
1774007659300 12858850.0 124000
1774007755589 12667718.0 124800
1774007853340 12467728.0 125600
1774007951269 12340007.0 126400
1774008047795 12385636.0 127200
1774008143781 12657361.0 128000
1774008242454 12598522.0 128800
1774008340644 12568092.0 129600
1774008437134 12261178.0 130400
1774008535329 12248367.0 131200
1774008638548 12431709.0 132000
1774008735090 12206280.0 132800
1774008834661 12423911.0 133600
1774008933145 12297106.0 134400
1774009030591 12655151.0 135200
1774009127567 12506469.0 136000
1774009225172 12634762.0 136800
1774009322286 12496370.0 137600
1774009420940 12717927.0 138400
1774009518273 12853859.0 139200
1774009615475 12410573.0 140000
1774009715390 12391749.0 140800
1774009815410 12350460.0 141600
1774009913294 12740379.0 142400
1774010010715 12514040.0 143200
1774010109989 12656095.0 144000
1774010212541 13025014.0 144800
1774010309901 13015780.0 145600
1774010407260 12663807.0 146400
1774010509369 12289266.0 147200
1774010611300 12651853.0 148000
1774010713311 12828549.0 148800
1774010818976 12597757.0 149600
1774010925866 12706108.0 150400
